2.4830072734987274e-07 0.112259
2.4966120941846405e-07 0.104465
2.5103668225096955e-07 0.0970598
2.524273949884247e-07 0.0898849
2.5383360232346445e-07 0.0826842
2.5525609017255636e-07 0.0758047
2.5669407970750553e-07 0.0696763
2.5814836291022256e-07 0.0641778
2.5961921829065376e-07 0.0593941
2.6110693074259825e-07 0.0556131
2.62611791727671e-07 0.0528152
2.6413409946566464e-07 0.0505497
2.656747284231737e-07 0.0479652
2.672328590482776e-07 0.0449252
2.6880937375878263e-07 0.0419368
2.7040459985100627e-07 0.0393041
2.720188724368945e-07 0.0370914
2.736525346787132e-07 0.0353223
2.753059380322474e-07 0.033696
2.769800612717387e-07 0.0318844
2.7867404325157354e-07 0.0298694
2.803888731795167e-07 0.0279001
2.821249383041264e-07 0.0261902
2.8388263552451806e-07 0.0247428
2.8566237169287407e-07 0.023501
2.87464563928404e-07 0.0224307
2.8929031494050006e-07 0.0215162
2.9113872203148604e-07 0.020748
2.9301090163914903e-07 0.020111
2.9490731534214825e-07 0.0195849
2.9682843674663237e-07 0.0191533
2.987747518805626e-07 0.0188064
3.007467596036526e-07 0.0185384
3.02745711281648e-07 0.0183458
3.0477066415988935e-07 0.0182247
3.0682288774721555e-07 0.0181681
3.0890293667378716e-07 0.018168
3.110113807124714e-07 0.0182191
3.1314880529918366e-07 0.018316
3.153158120748327e-07 0.0184354
3.175130194499252e-07 0.0185438
3.197418877736462e-07 0.0186364
3.2200143331978824e-07 0.0187205
3.242931415748185e-07 0.0188036
3.266177041743645e-07 0.0188984
3.289758327280568e-07 0.0190172
3.3136825954581794e-07 0.0191142
3.337957383960752e-07 0.0191034
3.3625995727551597e-07 0.0189896
3.3875990493502497e-07 0.0188109
3.4129730308662545e-07 0.0185963
3.438729996224794e-07 0.0183743
3.464878682248123e-07 0.0181785
3.4914280935398596e-07 0.0179911
3.518387512823495e-07 0.0176864
3.545776652201947e-07 0.0172258
3.573585262415789e-07 0.0166541
3.6018335120992316e-07 0.0160067
3.6305319100237656e-07 0.0153087
3.6596913025746525e-07 0.0145819
3.68932288741879e-07 0.0138459
3.7194382278419806e-07 0.0131168
3.750060610338354e-07 0.0124054
3.7811798792573454e-07 0.0117209
3.812819946333204e-07 0.0110681
3.8449939956547303e-07 0.0104488
3.877715660107608e-07 0.00986601
3.9109990406350717e-07 0.00932513
3.9448587264990703e-07 0.00883148
3.9793225884033954e-07 0.00838796
4.0143809397758967e-07 0.00799459
4.050062519171216e-07 0.00765003
4.0863840941996924e-07 0.00735359
4.123363039412696e-07 0.00710357
4.161017364015391e-07 0.00689495
4.199365741111914e-07 0.00671904
4.238442027843533e-07 0.00656732
4.27823761432447e-07 0.00643417
4.31878758140186e-07 0.00631592
4.360113584830605e-07 0.00621006
4.402238117259908e-07 0.00611458
4.44518454905526e-07 0.00602762
4.488977171533425e-07 0.00594736
4.533641242778484e-07 0.00587218
4.5792199490637067e-07 0.00580093
4.625707150149407e-07 0.00573293
4.6731478863252786e-07 0.00566763
4.721571799645249e-07 0.00560469
4.771009773650747e-07 0.00554382
4.82149399905442e-07 0.00548482
4.873058043638631e-07 0.0054275
4.925756496171495e-07 0.00537172
4.979587197847435e-07 0.00531738
5.034607467905637e-07 0.00526438
5.090857178100065e-07 0.00521261
5.148378002204318e-07 0.005162
5.207213518978774e-07 0.0051125
5.267409322279583e-07 0.00506403
5.32903604391377e-07 0.00501652
5.392098405072915e-07 0.00496997
5.456671165498959e-07 0.00492431
5.52280924598807e-07 0.00487951
5.590570262695847e-07 0.00483552
5.660014694542145e-07 0.00479232
5.731206063249584e-07 0.00474987
5.804238299270378e-07 0.00470813
5.879127967778375e-07 0.00466711
5.955975437359648e-07 0.00462676
6.034858497458436e-07 0.00458707
6.115859113917109e-07 0.004548
6.199063713069968e-07 0.00450955
6.284563489347009e-07 0.00447169
6.37248749168048e-07 0.0044344
6.462872909032766e-07 0.00439767
6.55585921493264e-07 0.00436149
6.651560311102296e-07 0.00432583
6.750096848646515e-07 0.00429069
6.851596735498386e-07 0.00425605
6.956195690346149e-07 0.00422189
7.064078096031894e-07 0.00418819
7.175317947988599e-07 0.00415497
7.290117297298457e-07 0.0041222
7.408649769159522e-07 0.00408987
7.531100467529086e-07 0.00405797
7.657666939674667e-07 0.00402649
7.788560239647999e-07 0.00399541
7.924006102724208e-07 0.00396474
8.064298696982295e-07 0.00393445
8.209594160285824e-07 0.00390455
8.360221297547207e-07 0.00387503
8.516479065735541e-07 0.00384587
8.678689198297955e-07 0.00381707
8.84719841634981e-07 0.00378863
9.022380902566228e-07 0.00376053
9.204709411332526e-07 0.00373275
9.39448788686377e-07 0.00370532
9.592256633209385e-07 0.00367821
9.798531125230935e-07 0.00365141
1.0013872151882255e-06 0.00362493
1.0238890907407207e-06 0.00359875
1.0474254784733006e-06 0.00357288
1.0720786687784017e-06 0.00354729
1.0979106315308525e-06 0.00352199
1.1250181831015061e-06 0.00349698
1.153498198696419e-06 0.00347225
1.1834576179497214e-06 0.00344779
1.215014786775032e-06 0.0034236
1.2483010197829746e-06 0.00339967
1.2834757131147473e-06 0.00337599
1.3206761244461976e-06 0.00335258
1.3600973462217755e-06 0.00332942
1.4019443658975836e-06 0.0033065
1.4464481997163259e-06 0.00328382
1.4938701594901452e-06 0.00326138
1.5445069871550513e-06 0.00323917
1.5987176847390731e-06 0.00321719
1.65685015417253e-06 0.00319544
1.7193697668407238e-06 0.00317391
1.7867926312078945e-06 0.0031526
1.8597191139209903e-06 0.0031315
1.9388517661013745e-06 0.00311062
2.0250180297077157e-06 0.00308994
2.119235503331133e-06 0.00306947
2.2226082119442227e-06 0.0030492
2.3365827501203233e-06 0.00302913
2.462878248085747e-06 0.00300925
2.6036067594893864e-06 0.00298957
2.7613923224767722e-06 0.00297008
2.939536106190066e-06 0.00295077
3.1422498894210052e-06 0.00293165
3.3750851745442927e-06 0.0029127
3.6450800813454633e-06 0.00289394
3.962028373338594e-06 0.00287535
4.3393445991489785e-06 0.00285694
4.796091210664368e-06 0.0028387
5.3603006436180105e-06 0.00282062
6.074954867307786e-06 0.00280272
7.009880357713835e-06 0.00278496
8.284361478476855e-06 0.00276738
1.0125255523632878e-05 0.00274995
1.3018033797446932e-05 0.00273269
1.8224864601923358e-05 0.00271557
3.0373286106537135e-05 0.00269861
9.109754143048096e-05 0.0026818
