2.4830072734987274e-07 2.91429
2.4966120941846405e-07 2.90765
2.5103668225096955e-07 2.90055
2.524273949884247e-07 2.89324
2.5383360232346445e-07 2.88549
2.5525609017255636e-07 2.87695
2.5669407970750553e-07 2.86792
2.5814836291022256e-07 2.85867
2.5961921829065376e-07 2.8491
2.6110693074259825e-07 2.83951
2.62611791727671e-07 2.83037
2.6413409946566464e-07 2.8222
2.656747284231737e-07 2.81481
2.672328590482776e-07 2.80742
2.6880937375878263e-07 2.7997
2.7040459985100627e-07 2.79185
2.720188724368945e-07 2.78405
2.736525346787132e-07 2.77654
2.753059380322474e-07 2.76952
2.769800612717387e-07 2.76283
2.7867404325157354e-07 2.75612
2.803888731795167e-07 2.74921
2.821249383041264e-07 2.74222
2.8388263552451806e-07 2.7353
2.8566237169287407e-07 2.72851
2.87464563928404e-07 2.72185
2.8929031494050006e-07 2.71532
2.9113872203148604e-07 2.70894
2.9301090163914903e-07 2.70271
2.9490731534214825e-07 2.69665
2.9682843674663237e-07 2.69074
2.987747518805626e-07 2.68498
3.007467596036526e-07 2.67936
3.02745711281648e-07 2.67389
3.0477066415988935e-07 2.66856
3.0682288774721555e-07 2.66339
3.0890293667378716e-07 2.65837
3.110113807124714e-07 2.65349
3.1314880529918366e-07 2.64878
3.153158120748327e-07 2.64425
3.175130194499252e-07 2.63987
3.197418877736462e-07 2.63562
3.2200143331978824e-07 2.63148
3.242931415748185e-07 2.62746
3.266177041743645e-07 2.62355
3.289758327280568e-07 2.61978
3.3136825954581794e-07 2.6162
3.337957383960752e-07 2.61276
3.3625995727551597e-07 2.6094
3.3875990493502497e-07 2.60607
3.4129730308662545e-07 2.60278
3.438729996224794e-07 2.59952
3.464878682248123e-07 2.59633
3.4914280935398596e-07 2.59329
3.518387512823495e-07 2.59041
3.545776652201947e-07 2.58756
3.573585262415789e-07 2.58471
3.6018335120992316e-07 2.58182
3.6305319100237656e-07 2.5789
3.6596913025746525e-07 2.57594
3.68932288741879e-07 2.57294
3.7194382278419806e-07 2.5699
3.750060610338354e-07 2.56684
3.7811798792573454e-07 2.56377
3.812819946333204e-07 2.56068
3.8449939956547303e-07 2.55759
3.877715660107608e-07 2.5545
3.9109990406350717e-07 2.55142
3.9448587264990703e-07 2.54834
3.9793225884033954e-07 2.54528
4.0143809397758967e-07 2.54224
4.050062519171216e-07 2.53924
4.0863840941996924e-07 2.53628
4.123363039412696e-07 2.53336
4.161017364015391e-07 2.53049
4.199365741111914e-07 2.52769
4.238442027843533e-07 2.52494
4.27823761432447e-07 2.52224
4.31878758140186e-07 2.51961
4.360113584830605e-07 2.51702
4.402238117259908e-07 2.51448
4.44518454905526e-07 2.51199
4.488977171533425e-07 2.50955
4.533641242778484e-07 2.50715
4.5792199490637067e-07 2.50479
4.625707150149407e-07 2.50248
4.6731478863252786e-07 2.50021
4.721571799645249e-07 2.49798
4.771009773650747e-07 2.49579
4.82149399905442e-07 2.49363
4.873058043638631e-07 2.49151
4.925756496171495e-07 2.48942
4.979587197847435e-07 2.48737
5.034607467905637e-07 2.48536
5.090857178100065e-07 2.48337
5.148378002204318e-07 2.48142
5.207213518978774e-07 2.4795
5.267409322279583e-07 2.47762
5.32903604391377e-07 2.47576
5.392098405072915e-07 2.47393
5.456671165498959e-07 2.47214
5.52280924598807e-07 2.47037
5.590570262695847e-07 2.46864
5.660014694542145e-07 2.46693
5.731206063249584e-07 2.46525
5.804238299270378e-07 2.46359
5.879127967778375e-07 2.46197
5.955975437359648e-07 2.46037
6.034858497458436e-07 2.4588
6.115859113917109e-07 2.45726
6.199063713069968e-07 2.45574
6.284563489347009e-07 2.45425
6.37248749168048e-07 2.45278
6.462872909032766e-07 2.45134
6.55585921493264e-07 2.44993
6.651560311102296e-07 2.44854
6.750096848646515e-07 2.44717
6.851596735498386e-07 2.44583
6.956195690346149e-07 2.44451
7.064078096031894e-07 2.44322
7.175317947988599e-07 2.44195
7.290117297298457e-07 2.44071
7.408649769159522e-07 2.43948
7.531100467529086e-07 2.43828
7.657666939674667e-07 2.43711
7.788560239647999e-07 2.43596
7.924006102724208e-07 2.43482
8.064298696982295e-07 2.43372
8.209594160285824e-07 2.43263
8.360221297547207e-07 2.43157
8.516479065735541e-07 2.43052
8.678689198297955e-07 2.4295
8.84719841634981e-07 2.4285
9.022380902566228e-07 2.42753
9.204709411332526e-07 2.42657
9.39448788686377e-07 2.42563
9.592256633209385e-07 2.42472
9.798531125230935e-07 2.42383
1.0013872151882255e-06 2.42296
1.0238890907407207e-06 2.4221
1.0474254784733006e-06 2.42127
1.0720786687784017e-06 2.42046
1.0979106315308525e-06 2.41967
1.1250181831015061e-06 2.4189
1.153498198696419e-06 2.41815
1.1834576179497214e-06 2.41742
1.215014786775032e-06 2.41671
1.2483010197829746e-06 2.41602
1.2834757131147473e-06 2.41535
1.3206761244461976e-06 2.4147
1.3600973462217755e-06 2.41407
1.4019443658975836e-06 2.41345
1.4464481997163259e-06 2.41286
1.4938701594901452e-06 2.41229
1.5445069871550513e-06 2.41173
1.5987176847390731e-06 2.4112
1.65685015417253e-06 2.41068
1.7193697668407238e-06 2.41019
1.7867926312078945e-06 2.40971
1.8597191139209903e-06 2.40925
1.9388517661013745e-06 2.40881
2.0250180297077157e-06 2.40839
2.119235503331133e-06 2.40798
2.2226082119442227e-06 2.4076
2.3365827501203233e-06 2.40723
2.462878248085747e-06 2.40689
2.6036067594893864e-06 2.40656
2.7613923224767722e-06 2.40625
2.939536106190066e-06 2.40596
3.1422498894210052e-06 2.40568
3.3750851745442927e-06 2.40543
3.6450800813454633e-06 2.40519
3.962028373338594e-06 2.40497
4.3393445991489785e-06 2.40477
4.796091210664368e-06 2.40459
5.3603006436180105e-06 2.40443
6.074954867307786e-06 2.40428
7.009880357713835e-06 2.40415
8.284361478476855e-06 2.40405
1.0125255523632878e-05 2.40395
1.3018033797446932e-05 2.40388
1.8224864601923358e-05 2.40383
3.0373286106537135e-05 2.40379
9.109754143048096e-05 2.40377
