2.4830072734987274e-07 0.262543
2.4966120941846405e-07 0.260519
2.5103668225096955e-07 0.25839
2.524273949884247e-07 0.256183
2.5383360232346445e-07 0.253906
2.5525609017255636e-07 0.251575
2.5669407970750553e-07 0.249229
2.5814836291022256e-07 0.24691
2.5961921829065376e-07 0.244644
2.6110693074259825e-07 0.242431
2.62611791727671e-07 0.240246
2.6413409946566464e-07 0.238065
2.656747284231737e-07 0.235883
2.672328590482776e-07 0.233698
2.6880937375878263e-07 0.23148
2.7040459985100627e-07 0.229189
2.720188724368945e-07 0.226795
2.736525346787132e-07 0.224257
2.753059380322474e-07 0.221516
2.769800612717387e-07 0.218546
2.7867404325157354e-07 0.215398
2.803888731795167e-07 0.212128
2.821249383041264e-07 0.208787
2.8388263552451806e-07 0.205418
2.8566237169287407e-07 0.202022
2.87464563928404e-07 0.198577
2.8929031494050006e-07 0.195067
2.9113872203148604e-07 0.191495
2.9301090163914903e-07 0.187873
2.9490731534214825e-07 0.184245
2.9682843674663237e-07 0.180639
2.987747518805626e-07 0.176911
3.007467596036526e-07 0.172775
3.02745711281648e-07 0.168045
3.0477066415988935e-07 0.16271
3.0682288774721555e-07 0.156886
3.0890293667378716e-07 0.150742
3.110113807124714e-07 0.144403
3.1314880529918366e-07 0.137797
3.153158120748327e-07 0.130627
3.175130194499252e-07 0.122827
3.197418877736462e-07 0.114633
3.2200143331978824e-07 0.106147
3.242931415748185e-07 0.096815
3.266177041743645e-07 0.0853783
3.289758327280568e-07 0.0716147
3.3136825954581794e-07 0.057438
3.337957383960752e-07 0.0448126
3.3625995727551597e-07 0.0347897
3.3875990493502497e-07 0.0276308
3.4129730308662545e-07 0.0228785
3.438729996224794e-07 0.0197168
3.464878682248123e-07 0.0174958
3.4914280935398596e-07 0.0158444
3.518387512823495e-07 0.0145598
3.545776652201947e-07 0.0135255
3.573585262415789e-07 0.0126709
3.6018335120992316e-07 0.0119497
3.6305319100237656e-07 0.0113307
3.6596913025746525e-07 0.010792
3.68932288741879e-07 0.0103176
3.7194382278419806e-07 0.00989571
3.750060610338354e-07 0.00951716
3.7811798792573454e-07 0.00917522
3.812819946333204e-07 0.00886422
3.8449939956547303e-07 0.00857972
3.877715660107608e-07 0.00831813
3.9109990406350717e-07 0.00807649
3.9448587264990703e-07 0.00785237
3.9793225884033954e-07 0.00764363
4.0143809397758967e-07 0.00744871
4.050062519171216e-07 0.00726604
4.0863840941996924e-07 0.00709438
4.123363039412696e-07 0.00693264
4.161017364015391e-07 0.00677987
4.199365741111914e-07 0.00663525
4.238442027843533e-07 0.00649801
4.27823761432447e-07 0.00636763
4.31878758140186e-07 0.00624349
4.360113584830605e-07 0.00612509
4.402238117259908e-07 0.00601199
4.44518454905526e-07 0.00590379
4.488977171533425e-07 0.00580014
4.533641242778484e-07 0.00570071
4.5792199490637067e-07 0.00560518
4.625707150149407e-07 0.00551337
4.6731478863252786e-07 0.00542499
4.721571799645249e-07 0.00533983
4.771009773650747e-07 0.00525768
4.82149399905442e-07 0.00517838
4.873058043638631e-07 0.00510175
4.925756496171495e-07 0.00502761
4.979587197847435e-07 0.00495589
5.034607467905637e-07 0.00488641
5.090857178100065e-07 0.00481906
5.148378002204318e-07 0.00475373
5.207213518978774e-07 0.00469032
5.267409322279583e-07 0.00462873
5.32903604391377e-07 0.00456885
5.392098405072915e-07 0.00451064
5.456671165498959e-07 0.004454
5.52280924598807e-07 0.00439886
5.590570262695847e-07 0.00434516
5.660014694542145e-07 0.00429282
5.731206063249584e-07 0.00424179
5.804238299270378e-07 0.004192
5.879127967778375e-07 0.00414343
5.955975437359648e-07 0.00409602
6.034858497458436e-07 0.0040497
6.115859113917109e-07 0.00400445
6.199063713069968e-07 0.00396023
6.284563489347009e-07 0.00391698
6.37248749168048e-07 0.00387466
6.462872909032766e-07 0.00383327
6.55585921493264e-07 0.00379276
6.651560311102296e-07 0.00375309
6.750096848646515e-07 0.00371423
6.851596735498386e-07 0.00367616
6.956195690346149e-07 0.00363886
7.064078096031894e-07 0.00360227
7.175317947988599e-07 0.00356641
7.290117297298457e-07 0.00353123
7.408649769159522e-07 0.00349672
7.531100467529086e-07 0.00346286
7.657666939674667e-07 0.00342961
7.788560239647999e-07 0.00339698
7.924006102724208e-07 0.00336492
8.064298696982295e-07 0.00333342
8.209594160285824e-07 0.00330249
8.360221297547207e-07 0.00327209
8.516479065735541e-07 0.00324221
8.678689198297955e-07 0.00321284
8.84719841634981e-07 0.00318395
9.022380902566228e-07 0.00315554
9.204709411332526e-07 0.00312759
9.39448788686377e-07 0.00310009
9.592256633209385e-07 0.00307304
9.798531125230935e-07 0.00304641
1.0013872151882255e-06 0.0030202
1.0238890907407207e-06 0.00299439
1.0474254784733006e-06 0.00296898
1.0720786687784017e-06 0.00294394
1.0979106315308525e-06 0.00291929
1.1250181831015061e-06 0.00289501
1.153498198696419e-06 0.00287108
1.1834576179497214e-06 0.00284749
1.215014786775032e-06 0.00282425
1.2483010197829746e-06 0.00280134
1.2834757131147473e-06 0.00277874
1.3206761244461976e-06 0.00275647
1.3600973462217755e-06 0.00273451
1.4019443658975836e-06 0.00271285
1.4464481997163259e-06 0.00269148
1.4938701594901452e-06 0.00267041
1.5445069871550513e-06 0.00264961
1.5987176847390731e-06 0.00262909
1.65685015417253e-06 0.00260884
1.7193697668407238e-06 0.00258885
1.7867926312078945e-06 0.00256912
1.8597191139209903e-06 0.00254965
1.9388517661013745e-06 0.00253042
2.0250180297077157e-06 0.00251143
2.119235503331133e-06 0.00249268
2.2226082119442227e-06 0.00247416
2.3365827501203233e-06 0.00245587
2.462878248085747e-06 0.00243781
2.6036067594893864e-06 0.00241996
2.7613923224767722e-06 0.00240233
2.939536106190066e-06 0.00238491
3.1422498894210052e-06 0.00236769
3.3750851745442927e-06 0.00235067
3.6450800813454633e-06 0.00233385
3.962028373338594e-06 0.00231723
4.3393445991489785e-06 0.0023008
4.796091210664368e-06 0.00228456
5.3603006436180105e-06 0.0022685
6.074954867307786e-06 0.00225261
7.009880357713835e-06 0.0022369
8.284361478476855e-06 0.00222137
1.0125255523632878e-05 0.00220602
1.3018033797446932e-05 0.00219082
1.8224864601923358e-05 0.0021758
3.0373286106537135e-05 0.00216093
9.109754143048096e-05 0.00214622
