2.4830072734987274e-07 2.33916
2.4966120941846405e-07 2.33897
2.5103668225096955e-07 2.33876
2.524273949884247e-07 2.33855
2.5383360232346445e-07 2.33832
2.5525609017255636e-07 2.33806
2.5669407970750553e-07 2.33776
2.5814836291022256e-07 2.33742
2.5961921829065376e-07 2.33709
2.6110693074259825e-07 2.33682
2.62611791727671e-07 2.33663
2.6413409946566464e-07 2.33654
2.656747284231737e-07 2.33653
2.672328590482776e-07 2.33664
2.6880937375878263e-07 2.33689
2.7040459985100627e-07 2.33729
2.720188724368945e-07 2.33782
2.736525346787132e-07 2.3385
2.753059380322474e-07 2.33927
2.769800612717387e-07 2.34007
2.7867404325157354e-07 2.3408
2.803888731795167e-07 2.34147
2.821249383041264e-07 2.34206
2.8388263552451806e-07 2.34262
2.8566237169287407e-07 2.3432
2.87464563928404e-07 2.34381
2.8929031494050006e-07 2.34446
2.9113872203148604e-07 2.34515
2.9301090163914903e-07 2.34589
2.9490731534214825e-07 2.34669
2.9682843674663237e-07 2.3477
2.987747518805626e-07 2.34909
3.007467596036526e-07 2.35086
3.02745711281648e-07 2.3528
3.0477066415988935e-07 2.35466
3.0682288774721555e-07 2.35629
3.0890293667378716e-07 2.35763
3.110113807124714e-07 2.35881
3.1314880529918366e-07 2.36001
3.153158120748327e-07 2.36121
3.175130194499252e-07 2.36211
3.197418877736462e-07 2.36261
3.2200143331978824e-07 2.36301
3.242931415748185e-07 2.36372
3.266177041743645e-07 2.3642
3.289758327280568e-07 2.36236
3.3136825954581794e-07 2.35679
3.337957383960752e-07 2.34796
3.3625995727551597e-07 2.3371
3.3875990493502497e-07 2.32558
3.4129730308662545e-07 2.31452
3.438729996224794e-07 2.30445
3.464878682248123e-07 2.29538
3.4914280935398596e-07 2.28715
3.518387512823495e-07 2.27961
3.545776652201947e-07 2.27264
3.573585262415789e-07 2.26615
3.6018335120992316e-07 2.26006
3.6305319100237656e-07 2.25433
3.6596913025746525e-07 2.2489
3.68932288741879e-07 2.24375
3.7194382278419806e-07 2.23883
3.750060610338354e-07 2.23413
3.7811798792573454e-07 2.22963
3.812819946333204e-07 2.2253
3.8449939956547303e-07 2.22114
3.877715660107608e-07 2.21713
3.9109990406350717e-07 2.21325
3.9448587264990703e-07 2.20951
3.9793225884033954e-07 2.20588
4.0143809397758967e-07 2.20237
4.050062519171216e-07 2.19896
4.0863840941996924e-07 2.19565
4.123363039412696e-07 2.19243
4.161017364015391e-07 2.18931
4.199365741111914e-07 2.18627
4.238442027843533e-07 2.1833
4.27823761432447e-07 2.18042
4.31878758140186e-07 2.1776
4.360113584830605e-07 2.17486
4.402238117259908e-07 2.17218
4.44518454905526e-07 2.16957
4.488977171533425e-07 2.16701
4.533641242778484e-07 2.16452
4.5792199490637067e-07 2.16208
4.625707150149407e-07 2.1597
4.6731478863252786e-07 2.15737
4.721571799645249e-07 2.15509
4.771009773650747e-07 2.15285
4.82149399905442e-07 2.15067
4.873058043638631e-07 2.14853
4.925756496171495e-07 2.14644
4.979587197847435e-07 2.14439
5.034607467905637e-07 2.14238
5.090857178100065e-07 2.14042
5.148378002204318e-07 2.13849
5.207213518978774e-07 2.13661
5.267409322279583e-07 2.13476
5.32903604391377e-07 2.13294
5.392098405072915e-07 2.13117
5.456671165498959e-07 2.12943
5.52280924598807e-07 2.12772
5.590570262695847e-07 2.12605
5.660014694542145e-07 2.12441
5.731206063249584e-07 2.1228
5.804238299270378e-07 2.12122
5.879127967778375e-07 2.11968
5.955975437359648e-07 2.11816
6.034858497458436e-07 2.11668
6.115859113917109e-07 2.11522
6.199063713069968e-07 2.11379
6.284563489347009e-07 2.11239
6.37248749168048e-07 2.11102
6.462872909032766e-07 2.10967
6.55585921493264e-07 2.10835
6.651560311102296e-07 2.10706
6.750096848646515e-07 2.10579
6.851596735498386e-07 2.10455
6.956195690346149e-07 2.10334
7.064078096031894e-07 2.10214
7.175317947988599e-07 2.10098
7.290117297298457e-07 2.09983
7.408649769159522e-07 2.09871
7.531100467529086e-07 2.09761
7.657666939674667e-07 2.09654
7.788560239647999e-07 2.09549
7.924006102724208e-07 2.09446
8.064298696982295e-07 2.09345
8.209594160285824e-07 2.09247
8.360221297547207e-07 2.0915
8.516479065735541e-07 2.09056
8.678689198297955e-07 2.08964
8.84719841634981e-07 2.08874
9.022380902566228e-07 2.08786
9.204709411332526e-07 2.087
9.39448788686377e-07 2.08616
9.592256633209385e-07 2.08534
9.798531125230935e-07 2.08454
1.0013872151882255e-06 2.08376
1.0238890907407207e-06 2.083
1.0474254784733006e-06 2.08225
1.0720786687784017e-06 2.08153
1.0979106315308525e-06 2.08083
1.1250181831015061e-06 2.08014
1.153498198696419e-06 2.07947
1.1834576179497214e-06 2.07882
1.215014786775032e-06 2.07819
1.2483010197829746e-06 2.07758
1.2834757131147473e-06 2.07699
1.3206761244461976e-06 2.07641
1.3600973462217755e-06 2.07585
1.4019443658975836e-06 2.07531
1.4464481997163259e-06 2.07479
1.4938701594901452e-06 2.07428
1.5445069871550513e-06 2.07379
1.5987176847390731e-06 2.07332
1.65685015417253e-06 2.07287
1.7193697668407238e-06 2.07243
1.7867926312078945e-06 2.07201
1.8597191139209903e-06 2.0716
1.9388517661013745e-06 2.07122
2.0250180297077157e-06 2.07085
2.119235503331133e-06 2.07049
2.2226082119442227e-06 2.07016
2.3365827501203233e-06 2.06984
2.462878248085747e-06 2.06953
2.6036067594893864e-06 2.06924
2.7613923224767722e-06 2.06897
2.939536106190066e-06 2.06872
3.1422498894210052e-06 2.06848
3.3750851745442927e-06 2.06825
3.6450800813454633e-06 2.06805
3.962028373338594e-06 2.06786
4.3393445991489785e-06 2.06768
4.796091210664368e-06 2.06752
5.3603006436180105e-06 2.06738
6.074954867307786e-06 2.06725
7.009880357713835e-06 2.06714
8.284361478476855e-06 2.06705
1.0125255523632878e-05 2.06697
1.3018033797446932e-05 2.0669
1.8224864601923358e-05 2.06686
3.0373286106537135e-05 2.06682
9.109754143048096e-05 2.06681
