2.4830072734987274e-07 0.572811
2.4966120941846405e-07 0.569211
2.5103668225096955e-07 0.565725
2.524273949884247e-07 0.562355
2.5383360232346445e-07 0.559112
2.5525609017255636e-07 0.556006
2.5669407970750553e-07 0.553029
2.5814836291022256e-07 0.550132
2.5961921829065376e-07 0.54728
2.6110693074259825e-07 0.544496
2.62611791727671e-07 0.541828
2.6413409946566464e-07 0.539291
2.656747284231737e-07 0.536878
2.672328590482776e-07 0.534572
2.6880937375878263e-07 0.532362
2.7040459985100627e-07 0.530254
2.720188724368945e-07 0.528252
2.736525346787132e-07 0.526352
2.753059380322474e-07 0.524551
2.769800612717387e-07 0.522843
2.7867404325157354e-07 0.521189
2.803888731795167e-07 0.519553
2.821249383041264e-07 0.517934
2.8388263552451806e-07 0.516328
2.8566237169287407e-07 0.514725
2.87464563928404e-07 0.513134
2.8929031494050006e-07 0.511582
2.9113872203148604e-07 0.510081
2.9301090163914903e-07 0.508625
2.9490731534214825e-07 0.507225
2.9682843674663237e-07 0.50589
2.987747518805626e-07 0.504623
3.007467596036526e-07 0.503429
3.02745711281648e-07 0.50232
3.0477066415988935e-07 0.501289
3.0682288774721555e-07 0.500318
3.0890293667378716e-07 0.499406
3.110113807124714e-07 0.498563
3.1314880529918366e-07 0.497793
3.153158120748327e-07 0.497047
3.175130194499252e-07 0.496244
3.197418877736462e-07 0.495344
3.2200143331978824e-07 0.494362
3.242931415748185e-07 0.493331
3.266177041743645e-07 0.492289
3.289758327280568e-07 0.491255
3.3136825954581794e-07 0.490233
3.337957383960752e-07 0.489225
3.3625995727551597e-07 0.488247
3.3875990493502497e-07 0.487306
3.4129730308662545e-07 0.486403
3.438729996224794e-07 0.48555
3.464878682248123e-07 0.484758
3.4914280935398596e-07 0.484043
3.518387512823495e-07 0.483424
3.545776652201947e-07 0.482902
3.573585262415789e-07 0.482447
3.6018335120992316e-07 0.481997
3.6305319100237656e-07 0.481451
3.6596913025746525e-07 0.480743
3.68932288741879e-07 0.479899
3.7194382278419806e-07 0.478977
3.750060610338354e-07 0.478012
3.7811798792573454e-07 0.477005
3.812819946333204e-07 0.475951
3.8449939956547303e-07 0.474886
3.877715660107608e-07 0.473862
3.9109990406350717e-07 0.472921
3.9448587264990703e-07 0.472102
3.9793225884033954e-07 0.471434
4.0143809397758967e-07 0.470873
4.050062519171216e-07 0.470341
4.0863840941996924e-07 0.469786
4.123363039412696e-07 0.46919
4.161017364015391e-07 0.468531
4.199365741111914e-07 0.467754
4.238442027843533e-07 0.466793
4.27823761432447e-07 0.465633
4.31878758140186e-07 0.464294
4.360113584830605e-07 0.462807
4.402238117259908e-07 0.461269
4.44518454905526e-07 0.459839
4.488977171533425e-07 0.458615
4.533641242778484e-07 0.457585
4.5792199490637067e-07 0.456666
4.625707150149407e-07 0.455747
4.6731478863252786e-07 0.454739
4.721571799645249e-07 0.453584
4.771009773650747e-07 0.452234
4.82149399905442e-07 0.450663
4.873058043638631e-07 0.448885
4.925756496171495e-07 0.446925
4.979587197847435e-07 0.444783
5.034607467905637e-07 0.44247
5.090857178100065e-07 0.440078
5.148378002204318e-07 0.437788
5.207213518978774e-07 0.435772
5.267409322279583e-07 0.433978
5.32903604391377e-07 0.432203
5.392098405072915e-07 0.430277
5.456671165498959e-07 0.428076
5.52280924598807e-07 0.425503
5.590570262695847e-07 0.422437
5.660014694542145e-07 0.418707
5.731206063249584e-07 0.414205
5.804238299270378e-07 0.409155
5.879127967778375e-07 0.403979
5.955975437359648e-07 0.398973
6.034858497458436e-07 0.39429
6.115859113917109e-07 0.389931
6.199063713069968e-07 0.385698
6.284563489347009e-07 0.381226
6.37248749168048e-07 0.376153
6.462872909032766e-07 0.370197
6.55585921493264e-07 0.363087
6.651560311102296e-07 0.354518
6.750096848646515e-07 0.344056
6.851596735498386e-07 0.331118
6.956195690346149e-07 0.315177
7.064078096031894e-07 0.295977
7.175317947988599e-07 0.273684
7.290117297298457e-07 0.248889
7.408649769159522e-07 0.222331
7.531100467529086e-07 0.194693
7.657666939674667e-07 0.166664
7.788560239647999e-07 0.139034
7.924006102724208e-07 0.112764
8.064298696982295e-07 0.0889887
8.209594160285824e-07 0.0689509
8.360221297547207e-07 0.0536006
8.516479065735541e-07 0.0429604
8.678689198297955e-07 0.0358736
8.84719841634981e-07 0.0309815
9.022380902566228e-07 0.0274042
9.204709411332526e-07 0.0246575
9.39448788686377e-07 0.0224713
9.592256633209385e-07 0.0206814
9.798531125230935e-07 0.019184
1.0013872151882255e-06 0.0179095
1.0238890907407207e-06 0.0168092
1.0474254784733006e-06 0.015848
1.0720786687784017e-06 0.0149998
1.0979106315308525e-06 0.0142453
1.1250181831015061e-06 0.0135689
1.153498198696419e-06 0.0129586
1.1834576179497214e-06 0.0124047
1.215014786775032e-06 0.0118994
1.2483010197829746e-06 0.0114363
1.2834757131147473e-06 0.0110099
1.3206761244461976e-06 0.0106162
1.3600973462217755e-06 0.0102512
1.4019443658975836e-06 0.00991174
1.4464481997163259e-06 0.00959514
1.4938701594901452e-06 0.00929905
1.5445069871550513e-06 0.00902144
1.5987176847390731e-06 0.00876047
1.65685015417253e-06 0.00851479
1.7193697668407238e-06 0.00828293
1.7867926312078945e-06 0.00806372
1.8597191139209903e-06 0.0078561
1.9388517661013745e-06 0.00765911
2.0250180297077157e-06 0.00747192
2.119235503331133e-06 0.00729372
2.2226082119442227e-06 0.00712396
2.3365827501203233e-06 0.00696196
2.462878248085747e-06 0.00680717
2.6036067594893864e-06 0.0066591
2.7613923224767722e-06 0.00651728
2.939536106190066e-06 0.00638132
3.1422498894210052e-06 0.00625082
3.3750851745442927e-06 0.00612541
3.6450800813454633e-06 0.00600485
3.962028373338594e-06 0.00588881
4.3393445991489785e-06 0.00577703
4.796091210664368e-06 0.00566925
5.3603006436180105e-06 0.00556525
6.074954867307786e-06 0.00546482
7.009880357713835e-06 0.00536773
8.284361478476855e-06 0.00527388
1.0125255523632878e-05 0.00518304
1.3018033797446932e-05 0.00509508
1.8224864601923358e-05 0.00500984
3.0373286106537135e-05 0.00492719
9.109754143048096e-05 0.004847
