#                                                                                
# Lorentzian broadening with gamma= 0.050000  [eV]
# Im(epsilon) shifted by   1.0000   [eV]
# No intraband contributions added
#
# Energy [eV]  ref_ind_xx    extinct_xx
#
   0.013610  0.234231E+01  0.484700E-02
   0.040820  0.234239E+01  0.492719E-02
   0.068030  0.234256E+01  0.500984E-02
   0.095240  0.234282E+01  0.509508E-02
   0.122450  0.234316E+01  0.518304E-02
   0.149660  0.234358E+01  0.527388E-02
   0.176870  0.234409E+01  0.536773E-02
   0.204090  0.234469E+01  0.546482E-02
   0.231300  0.234538E+01  0.556525E-02
   0.258510  0.234616E+01  0.566925E-02
   0.285720  0.234702E+01  0.577703E-02
   0.312930  0.234798E+01  0.588881E-02
   0.340140  0.234903E+01  0.600485E-02
   0.367350  0.235018E+01  0.612541E-02
   0.394570  0.235142E+01  0.625082E-02
   0.421780  0.235276E+01  0.638132E-02
   0.448990  0.235421E+01  0.651728E-02
   0.476200  0.235575E+01  0.665910E-02
   0.503410  0.235740E+01  0.680717E-02
   0.530620  0.235916E+01  0.696196E-02
   0.557830  0.236104E+01  0.712396E-02
   0.585040  0.236302E+01  0.729372E-02
   0.612260  0.236513E+01  0.747192E-02
   0.639470  0.236736E+01  0.765911E-02
   0.666680  0.236972E+01  0.785610E-02
   0.693890  0.237221E+01  0.806372E-02
   0.721100  0.237484E+01  0.828293E-02
   0.748310  0.237762E+01  0.851479E-02
   0.775520  0.238055E+01  0.876047E-02
   0.802740  0.238364E+01  0.902144E-02
   0.829950  0.238689E+01  0.929905E-02
   0.857160  0.239032E+01  0.959514E-02
   0.884370  0.239394E+01  0.991174E-02
   0.911580  0.239776E+01  0.102512E-01
   0.938790  0.240178E+01  0.106162E-01
   0.966000  0.240603E+01  0.110099E-01
   0.993220  0.241052E+01  0.114363E-01
   1.020430  0.241527E+01  0.118994E-01
   1.047640  0.242030E+01  0.124047E-01
   1.074850  0.242563E+01  0.129586E-01
   1.102060  0.243129E+01  0.135689E-01
   1.129270  0.243732E+01  0.142453E-01
   1.156480  0.244374E+01  0.149998E-01
   1.183700  0.245061E+01  0.158480E-01
   1.210910  0.245797E+01  0.168092E-01
   1.238120  0.246589E+01  0.179095E-01
   1.265330  0.247445E+01  0.191840E-01
   1.292540  0.248374E+01  0.206814E-01
   1.319750  0.249389E+01  0.224713E-01
   1.346960  0.250505E+01  0.246575E-01
   1.374180  0.251743E+01  0.274042E-01
   1.401390  0.253127E+01  0.309815E-01
   1.428600  0.254688E+01  0.358736E-01
   1.455810  0.256449E+01  0.429604E-01
   1.483020  0.258374E+01  0.536006E-01
   1.510230  0.260319E+01  0.689509E-01
   1.537440  0.262088E+01  0.889887E-01
   1.564660  0.263537E+01  0.112764E+00
   1.591870  0.264593E+01  0.139034E+00
   1.619080  0.265232E+01  0.166664E+00
   1.646290  0.265460E+01  0.194693E+00
   1.673500  0.265298E+01  0.222331E+00
   1.700710  0.264769E+01  0.248889E+00
   1.727920  0.263904E+01  0.273684E+00
   1.755130  0.262751E+01  0.295977E+00
   1.782350  0.261397E+01  0.315177E+00
   1.809560  0.259944E+01  0.331118E+00
   1.836770  0.258485E+01  0.344056E+00
   1.863980  0.257082E+01  0.354518E+00
   1.891190  0.255764E+01  0.363087E+00
   1.918400  0.254540E+01  0.370197E+00
   1.945610  0.253412E+01  0.376153E+00
   1.972830  0.252384E+01  0.381226E+00
   2.000040  0.251461E+01  0.385698E+00
   2.027250  0.250641E+01  0.389931E+00
   2.054460  0.249903E+01  0.394290E+00
   2.081670  0.249211E+01  0.398973E+00
   2.108880  0.248528E+01  0.403979E+00
   2.136090  0.247824E+01  0.409155E+00
   2.163310  0.247077E+01  0.414205E+00
   2.190520  0.246292E+01  0.418707E+00
   2.217730  0.245505E+01  0.422437E+00
   2.244940  0.244747E+01  0.425503E+00
   2.272150  0.244029E+01  0.428076E+00
   2.299360  0.243355E+01  0.430277E+00
   2.326570  0.242728E+01  0.432203E+00
   2.353790  0.242152E+01  0.433978E+00
   2.381000  0.241626E+01  0.435772E+00
   2.408210  0.241138E+01  0.437788E+00
   2.435420  0.240659E+01  0.440078E+00
   2.462630  0.240170E+01  0.442470E+00
   2.489840  0.239672E+01  0.444783E+00
   2.517050  0.239170E+01  0.446925E+00
   2.544270  0.238673E+01  0.448885E+00
   2.571480  0.238183E+01  0.450663E+00
   2.598690  0.237702E+01  0.452234E+00
   2.625900  0.237236E+01  0.453584E+00
   2.653110  0.236792E+01  0.454739E+00
   2.680320  0.236373E+01  0.455747E+00
   2.707530  0.235983E+01  0.456666E+00
   2.734750  0.235624E+01  0.457585E+00
   2.761960  0.235293E+01  0.458615E+00
   2.789170  0.234978E+01  0.459839E+00
   2.816380  0.234666E+01  0.461269E+00
   2.843590  0.234341E+01  0.462807E+00
   2.870800  0.234002E+01  0.464294E+00
   2.898010  0.233657E+01  0.465633E+00
   2.925220  0.233313E+01  0.466793E+00
   2.952440  0.232975E+01  0.467754E+00
   2.979650  0.232653E+01  0.468531E+00
   3.006860  0.232351E+01  0.469190E+00
   3.034070  0.232068E+01  0.469786E+00
   3.061280  0.231804E+01  0.470341E+00
   3.088490  0.231561E+01  0.470873E+00
   3.115700  0.231340E+01  0.471434E+00
   3.142920  0.231138E+01  0.472102E+00
   3.170130  0.230946E+01  0.472921E+00
   3.197340  0.230758E+01  0.473862E+00
   3.224550  0.230569E+01  0.474886E+00
   3.251760  0.230378E+01  0.475951E+00
   3.278970  0.230183E+01  0.477005E+00
   3.306180  0.229987E+01  0.478012E+00
   3.333400  0.229794E+01  0.478977E+00
   3.360610  0.229603E+01  0.479899E+00
   3.387820  0.229411E+01  0.480743E+00
   3.415030  0.229223E+01  0.481451E+00
   3.442240  0.229048E+01  0.481997E+00
   3.469450  0.228895E+01  0.482447E+00
   3.496660  0.228764E+01  0.482902E+00
   3.523880  0.228653E+01  0.483424E+00
   3.551090  0.228554E+01  0.484043E+00
   3.578300  0.228465E+01  0.484758E+00
   3.605510  0.228381E+01  0.485550E+00
   3.632720  0.228302E+01  0.486403E+00
   3.659930  0.228227E+01  0.487306E+00
   3.687140  0.228155E+01  0.488247E+00
   3.714360  0.228087E+01  0.489225E+00
   3.741570  0.228022E+01  0.490233E+00
   3.768780  0.227959E+01  0.491255E+00
   3.795990  0.227899E+01  0.492289E+00
   3.823200  0.227841E+01  0.493331E+00
   3.850410  0.227783E+01  0.494362E+00
   3.877620  0.227727E+01  0.495344E+00
   3.904840  0.227675E+01  0.496244E+00
   3.932050  0.227634E+01  0.497047E+00
   3.959260  0.227610E+01  0.497793E+00
   3.986470  0.227605E+01  0.498563E+00
   4.013680  0.227614E+01  0.499406E+00
   4.040890  0.227633E+01  0.500318E+00
   4.068100  0.227662E+01  0.501289E+00
   4.095310  0.227701E+01  0.502320E+00
   4.122530  0.227749E+01  0.503429E+00
   4.149740  0.227804E+01  0.504623E+00
   4.176950  0.227864E+01  0.505890E+00
   4.204160  0.227930E+01  0.507225E+00
   4.231370  0.228001E+01  0.508625E+00
   4.258580  0.228075E+01  0.510081E+00
   4.285790  0.228154E+01  0.511582E+00
   4.313010  0.228238E+01  0.513134E+00
   4.340220  0.228324E+01  0.514725E+00
   4.367430  0.228414E+01  0.516328E+00
   4.394640  0.228511E+01  0.517934E+00
   4.421850  0.228616E+01  0.519553E+00
   4.449060  0.228730E+01  0.521189E+00
   4.476270  0.228856E+01  0.522843E+00
   4.503490  0.228997E+01  0.524551E+00
   4.530700  0.229150E+01  0.526352E+00
   4.557910  0.229313E+01  0.528252E+00
   4.585120  0.229486E+01  0.530254E+00
   4.612330  0.229667E+01  0.532362E+00
   4.639540  0.229855E+01  0.534572E+00
   4.666750  0.230052E+01  0.536878E+00
   4.693970  0.230258E+01  0.539291E+00
   4.721180  0.230471E+01  0.541828E+00
   4.748390  0.230690E+01  0.544496E+00
   4.775600  0.230912E+01  0.547280E+00
   4.802810  0.231137E+01  0.550132E+00
   4.830020  0.231369E+01  0.553029E+00
   4.857230  0.231615E+01  0.556006E+00
   4.884450  0.231873E+01  0.559112E+00
   4.911660  0.232140E+01  0.562355E+00
   4.938870  0.232415E+01  0.565725E+00
   4.966080  0.232700E+01  0.569211E+00
   4.993290  0.232998E+01  0.572811E+00
   5.020500  0.233310E+01  0.576535E+00
   5.047710  0.233643E+01  0.580427E+00
   5.074930  0.233997E+01  0.584591E+00
   5.102140  0.234363E+01  0.589113E+00
   5.129350  0.234728E+01  0.593947E+00
   5.156560  0.235091E+01  0.599009E+00
   5.183770  0.235456E+01  0.604247E+00
   5.210980  0.235829E+01  0.609624E+00
   5.238190  0.236218E+01  0.615149E+00
   5.265400  0.236633E+01  0.620897E+00
   5.292620  0.237076E+01  0.626981E+00
   5.319830  0.237549E+01  0.633501E+00
   5.347040  0.238049E+01  0.640601E+00
   5.374250  0.238562E+01  0.648433E+00
   5.401460  0.239068E+01  0.656948E+00
   5.428670  0.239568E+01  0.666026E+00
   5.455880  0.240070E+01  0.675661E+00
   5.483100  0.240583E+01  0.685945E+00
   5.510310  0.241113E+01  0.697017E+00
   5.537520  0.241665E+01  0.709141E+00
   5.564730  0.242224E+01  0.722705E+00
   5.591940  0.242753E+01  0.737926E+00
   5.619150  0.243232E+01  0.754791E+00
   5.646360  0.243670E+01  0.773680E+00
   5.673580  0.244029E+01  0.795680E+00
   5.700790  0.244131E+01  0.821965E+00
   5.728000  0.243637E+01  0.852226E+00
   5.755210  0.242236E+01  0.882840E+00
   5.782420  0.239996E+01  0.908211E+00
   5.809630  0.237387E+01  0.924975E+00
   5.836840  0.234886E+01  0.934343E+00
   5.864060  0.232700E+01  0.938961E+00
   5.891270  0.230847E+01  0.941730E+00
   5.918480  0.229169E+01  0.943911E+00
   5.945690  0.227580E+01  0.945255E+00
   5.972900  0.226076E+01  0.945446E+00
   6.000110  0.224684E+01  0.944466E+00
   6.027320  0.223430E+01  0.942652E+00
   6.054540  0.222304E+01  0.940470E+00
   6.081750  0.221273E+01  0.938146E+00
   6.108960  0.220310E+01  0.935562E+00
   6.136170  0.219421E+01  0.932598E+00
   6.163380  0.218615E+01  0.929322E+00
   6.190590  0.217892E+01  0.925846E+00
   6.217800  0.217246E+01  0.922245E+00
   6.245020  0.216676E+01  0.918563E+00
   6.272230  0.216178E+01  0.914827E+00
   6.299440  0.215759E+01  0.911092E+00
   6.326650  0.215413E+01  0.907514E+00
   6.353860  0.215129E+01  0.904147E+00
   6.381070  0.214898E+01  0.900972E+00
   6.408280  0.214718E+01  0.897988E+00
   6.435490  0.214584E+01  0.895202E+00
   6.462710  0.214493E+01  0.892594E+00
   6.489920  0.214441E+01  0.890123E+00
   6.517130  0.214430E+01  0.887728E+00
   6.544340  0.214466E+01  0.885372E+00
   6.571550  0.214559E+01  0.883051E+00
   6.598760  0.214718E+01  0.880815E+00
   6.625970  0.214950E+01  0.878745E+00
   6.653190  0.215262E+01  0.876921E+00
   6.680400  0.215659E+01  0.875495E+00
   6.707610  0.216139E+01  0.874613E+00
   6.734820  0.216697E+01  0.874363E+00
   6.762030  0.217331E+01  0.874811E+00
   6.789240  0.218042E+01  0.876024E+00
   6.816450  0.218837E+01  0.878109E+00
   6.843670  0.219720E+01  0.881246E+00
   6.870880  0.220689E+01  0.885634E+00
   6.898090  0.221745E+01  0.891425E+00
   6.925300  0.222903E+01  0.898860E+00
   6.952510  0.224179E+01  0.908409E+00
   6.979720  0.225590E+01  0.920870E+00
   7.006930  0.227129E+01  0.937766E+00
   7.034150  0.228643E+01  0.961293E+00
   7.061360  0.229788E+01  0.992785E+00
   7.088570  0.230027E+01  0.103127E+01
   7.115780  0.228953E+01  0.107029E+01
   7.142990  0.226842E+01  0.110243E+01
   7.170200  0.224300E+01  0.112501E+01
   7.197410  0.221851E+01  0.113954E+01
   7.224630  0.219700E+01  0.114975E+01
   7.251840  0.217781E+01  0.115796E+01
   7.279050  0.216020E+01  0.116513E+01
   7.306260  0.214340E+01  0.117179E+01
   7.333470  0.212669E+01  0.117773E+01
   7.360680  0.211004E+01  0.118238E+01
   7.387890  0.209406E+01  0.118553E+01
   7.415110  0.207930E+01  0.118771E+01
   7.442320  0.206562E+01  0.118968E+01
   7.469530  0.205246E+01  0.119166E+01
   7.496740  0.203958E+01  0.119346E+01
   7.523950  0.202701E+01  0.119494E+01
   7.551160  0.201487E+01  0.119623E+01
   7.578370  0.200305E+01  0.119753E+01
   7.605580  0.199134E+01  0.119889E+01
   7.632800  0.197954E+01  0.120022E+01
   7.660010  0.196758E+01  0.120138E+01
   7.687220  0.195548E+01  0.120221E+01
   7.714430  0.194336E+01  0.120264E+01
   7.741640  0.193135E+01  0.120267E+01
   7.768850  0.191953E+01  0.120245E+01
   7.796060  0.190784E+01  0.120210E+01
   7.823280  0.189622E+01  0.120171E+01
   7.850490  0.188456E+01  0.120133E+01
   7.877700  0.187269E+01  0.120098E+01
   7.904910  0.186050E+01  0.120059E+01
   7.932120  0.184790E+01  0.120009E+01
   7.959330  0.183479E+01  0.119945E+01
   7.986540  0.182104E+01  0.119858E+01
   8.013760  0.180654E+01  0.119731E+01
   8.040970  0.179125E+01  0.119544E+01
   8.068180  0.177520E+01  0.119279E+01
   8.095390  0.175850E+01  0.118925E+01
   8.122600  0.174120E+01  0.118488E+01
   8.149810  0.172319E+01  0.117974E+01
   8.177020  0.170427E+01  0.117397E+01
   8.204240  0.168383E+01  0.116790E+01
   8.231450  0.165999E+01  0.116150E+01
   8.258660  0.163005E+01  0.115184E+01
   8.285870  0.159522E+01  0.113298E+01
   8.313080  0.156158E+01  0.110186E+01
   8.340290  0.153532E+01  0.106026E+01
   8.367500  0.152028E+01  0.101314E+01
   8.394720  0.151570E+01  0.966640E+00
   8.421930  0.151759E+01  0.923110E+00
   8.449140  0.152360E+01  0.881865E+00
   8.476350  0.153303E+01  0.842085E+00
   8.503560  0.154578E+01  0.803357E+00
   8.530770  0.156196E+01  0.765508E+00
   8.557980  0.158193E+01  0.728598E+00
   8.585200  0.160602E+01  0.693239E+00
   8.612410  0.163388E+01  0.660244E+00
   8.639620  0.166482E+01  0.629874E+00
   8.666830  0.169842E+01  0.601944E+00
   8.694040  0.173462E+01  0.576230E+00
   8.721250  0.177359E+01  0.552646E+00
   8.748460  0.181564E+01  0.531258E+00
   8.775670  0.186121E+01  0.512329E+00
   8.802890  0.191090E+01  0.496447E+00
   8.830100  0.196529E+01  0.484800E+00
   8.857310  0.202451E+01  0.479634E+00
   8.884520  0.208641E+01  0.483881E+00
   8.911730  0.214630E+01  0.497527E+00
   8.938940  0.220230E+01  0.516764E+00
   8.966150  0.225601E+01  0.539710E+00
   8.993370  0.230825E+01  0.566552E+00
   9.020580  0.235914E+01  0.597393E+00
   9.047790  0.240900E+01  0.632412E+00
   9.075000  0.245808E+01  0.672495E+00
   9.102210  0.250557E+01  0.718977E+00
   9.129420  0.254993E+01  0.772694E+00
   9.156630  0.258852E+01  0.834829E+00
   9.183850  0.261497E+01  0.903551E+00
   9.211060  0.262749E+01  0.968339E+00
   9.238270  0.263573E+01  0.102345E+01
   9.265480  0.264679E+01  0.107332E+01
   9.292690  0.266143E+01  0.112175E+01
   9.319900  0.268172E+01  0.116960E+01
   9.347110  0.271330E+01  0.122048E+01
   9.374330  0.276283E+01  0.128645E+01
   9.401540  0.282535E+01  0.139446E+01
   9.428750  0.285955E+01  0.156713E+01
   9.455960  0.280610E+01  0.177675E+01
   9.483170  0.265007E+01  0.194000E+01
   9.510380  0.246642E+01  0.199993E+01
   9.537590  0.232372E+01  0.199346E+01
   9.564810  0.222537E+01  0.196744E+01
   9.592020  0.215789E+01  0.194127E+01
   9.619230  0.211110E+01  0.192301E+01
   9.646440  0.207515E+01  0.191815E+01
   9.673650  0.203771E+01  0.192712E+01
   9.700860  0.198764E+01  0.194060E+01
   9.728070  0.192786E+01  0.194235E+01
   9.755290  0.187359E+01  0.193018E+01
   9.782500  0.182984E+01  0.191444E+01
   9.809710  0.179199E+01  0.190013E+01
   9.836920  0.175697E+01  0.188661E+01
   9.864130  0.172438E+01  0.187268E+01
   9.891340  0.169511E+01  0.185826E+01
   9.918550  0.166955E+01  0.184488E+01
   9.945760  0.164635E+01  0.183393E+01
   9.972980  0.162379E+01  0.182543E+01
  10.000190  0.160064E+01  0.181863E+01
  10.027400  0.157637E+01  0.181233E+01
  10.054610  0.155130E+01  0.180569E+01
  10.081820  0.152545E+01  0.179848E+01
  10.109030  0.149895E+01  0.178949E+01
  10.136240  0.147341E+01  0.177853E+01
  10.163460  0.144934E+01  0.176672E+01
  10.190670  0.142626E+01  0.175443E+01
  10.217880  0.140443E+01  0.174137E+01
  10.245090  0.138448E+01  0.172828E+01
  10.272300  0.136586E+01  0.171617E+01
  10.299510  0.134789E+01  0.170511E+01
  10.326720  0.133046E+01  0.169528E+01
  10.353940  0.131315E+01  0.168765E+01
  10.381150  0.129398E+01  0.168322E+01
  10.408360  0.126962E+01  0.168054E+01
  10.435570  0.123968E+01  0.167562E+01
  10.462780  0.120585E+01  0.166697E+01
  10.489990  0.116807E+01  0.165324E+01
  10.517200  0.112847E+01  0.163102E+01
  10.544420  0.109214E+01  0.160048E+01
  10.571630  0.106126E+01  0.156495E+01
  10.598840  0.103615E+01  0.152673E+01
  10.626050  0.101660E+01  0.148863E+01
  10.653260  0.100010E+01  0.145321E+01
  10.680470  0.982720E+00  0.142097E+01
  10.707680  0.959277E+00  0.139023E+01
  10.734900  0.924074E+00  0.135266E+01
  10.762110  0.882032E+00  0.129198E+01
  10.789320  0.856903E+00  0.120200E+01
  10.816530  0.866325E+00  0.110406E+01
  10.843740  0.901294E+00  0.101821E+01
  10.870950  0.949311E+00  0.947856E+00
  10.898160  0.100382E+01  0.890906E+00
  10.925380  0.106181E+01  0.845096E+00
  10.952590  0.112163E+01  0.808769E+00
  10.979800  0.118240E+01  0.780543E+00
  11.007010  0.124375E+01  0.759271E+00
  11.034220  0.130609E+01  0.744098E+00
  11.061430  0.137061E+01  0.735542E+00
  11.088640  0.143715E+01  0.736422E+00
  11.115850  0.150140E+01  0.748785E+00
  11.143070  0.155956E+01  0.769172E+00
  11.170280  0.161248E+01  0.794968E+00
  11.197490  0.166009E+01  0.825964E+00
  11.224700  0.170148E+01  0.861324E+00
  11.251910  0.173514E+01  0.899503E+00
  11.279120  0.176098E+01  0.936136E+00
  11.306330  0.178384E+01  0.968360E+00
  11.333550  0.180848E+01  0.999028E+00
  11.360760  0.183488E+01  0.103300E+01
  11.387970  0.185979E+01  0.107284E+01
  11.415180  0.187904E+01  0.111843E+01
  11.442390  0.188907E+01  0.116564E+01
  11.469600  0.189267E+01  0.120873E+01
  11.496810  0.189489E+01  0.124921E+01
  11.524030  0.189446E+01  0.129051E+01
  11.551240  0.188783E+01  0.133094E+01
  11.578450  0.187573E+01  0.136520E+01
  11.605660  0.186377E+01  0.139075E+01
  11.632870  0.185810E+01  0.140975E+01
  11.660080  0.186251E+01  0.142809E+01
  11.687290  0.187733E+01  0.145369E+01
  11.714510  0.189679E+01  0.149600E+01
  11.741720  0.190540E+01  0.155859E+01
  11.768930  0.188764E+01  0.162631E+01
  11.796140  0.185370E+01  0.167642E+01
  11.823350  0.182543E+01  0.171231E+01
  11.850560  0.180749E+01  0.175075E+01
  11.877770  0.178916E+01  0.180596E+01
  11.904990  0.174482E+01  0.187661E+01
  11.932200  0.166309E+01  0.192740E+01
  11.959410  0.157828E+01  0.193689E+01
  11.986620  0.151397E+01  0.192565E+01
  12.013830  0.146596E+01  0.191016E+01
  12.041040  0.142901E+01  0.189435E+01
  12.068250  0.140061E+01  0.188055E+01
  12.095470  0.137795E+01  0.187041E+01
  12.122680  0.135828E+01  0.186423E+01
  12.149890  0.133960E+01  0.186112E+01
  12.177100  0.132116E+01  0.185979E+01
  12.204310  0.130327E+01  0.185937E+01
  12.231520  0.128696E+01  0.186010E+01
  12.258730  0.127244E+01  0.186397E+01
  12.285940  0.125753E+01  0.187346E+01
  12.313160  0.123680E+01  0.188918E+01
  12.340370  0.120434E+01  0.190459E+01
  12.367580  0.116470E+01  0.190958E+01
  12.394790  0.112757E+01  0.190485E+01
  12.422000  0.109558E+01  0.189555E+01
  12.449210  0.106832E+01  0.188496E+01
  12.476420  0.104425E+01  0.187489E+01
  12.503640  0.102193E+01  0.186560E+01
  12.530850  0.100066E+01  0.185682E+01
  12.558060  0.980261E+00  0.184828E+01
  12.585270  0.960881E+00  0.183999E+01
  12.612480  0.942522E+00  0.183246E+01
  12.639690  0.924831E+00  0.182620E+01
  12.666900  0.907033E+00  0.182225E+01
  12.694120  0.886077E+00  0.182090E+01
  12.721330  0.859350E+00  0.181786E+01
  12.748540  0.830440E+00  0.180843E+01
  12.775750  0.804356E+00  0.179392E+01
  12.802960  0.781988E+00  0.177763E+01
  12.830170  0.762408E+00  0.176119E+01
  12.857380  0.744723E+00  0.174508E+01
  12.884600  0.728369E+00  0.172938E+01
  12.911810  0.713002E+00  0.171411E+01
  12.939020  0.698303E+00  0.169921E+01
  12.966230  0.684050E+00  0.168451E+01
  12.993440  0.670152E+00  0.166980E+01
  13.020650  0.656645E+00  0.165486E+01
  13.047860  0.643705E+00  0.163956E+01
  13.075080  0.631568E+00  0.162391E+01
  13.102290  0.620395E+00  0.160811E+01
  13.129500  0.610209E+00  0.159237E+01
  13.156710  0.600948E+00  0.157686E+01
  13.183920  0.592523E+00  0.156171E+01
  13.211130  0.584787E+00  0.154703E+01
  13.238340  0.577587E+00  0.153280E+01
  13.265560  0.570898E+00  0.151896E+01
  13.292770  0.564782E+00  0.150558E+01
  13.319980  0.559161E+00  0.149287E+01
  13.347190  0.553798E+00  0.148095E+01
  13.374400  0.548385E+00  0.146979E+01
  13.401610  0.542722E+00  0.145918E+01
  13.428820  0.536823E+00  0.144914E+01
  13.456030  0.529820E+00  0.143979E+01
  13.483250  0.521133E+00  0.142911E+01
  13.510460  0.513121E+00  0.141607E+01
  13.537670  0.507246E+00  0.140205E+01
  13.564880  0.503515E+00  0.138840E+01
  13.592090  0.501695E+00  0.137577E+01
  13.619300  0.501864E+00  0.136522E+01
  13.646510  0.503194E+00  0.135848E+01
  13.673730  0.502928E+00  0.135718E+01
  13.700940  0.496210E+00  0.135969E+01
  13.728150  0.481707E+00  0.135983E+01
  13.755360  0.463574E+00  0.135362E+01
  13.782570  0.446197E+00  0.134141E+01
  13.809780  0.431627E+00  0.132574E+01
  13.836990  0.419620E+00  0.130821E+01
  13.864210  0.410350E+00  0.128938E+01
  13.891420  0.404077E+00  0.127040E+01
  13.918630  0.400273E+00  0.125243E+01
  13.945840  0.397830E+00  0.123613E+01
  13.973050  0.395530E+00  0.122114E+01
  14.000260  0.393169E+00  0.120643E+01
  14.027470  0.391356E+00  0.119175E+01
  14.054690  0.390307E+00  0.117739E+01
  14.081900  0.389958E+00  0.116361E+01
  14.109110  0.390129E+00  0.115062E+01
  14.136320  0.390473E+00  0.113851E+01
  14.163530  0.390641E+00  0.112708E+01
  14.190740  0.390546E+00  0.111600E+01
  14.217950  0.390317E+00  0.110499E+01
  14.245170  0.390162E+00  0.109398E+01
  14.272380  0.390225E+00  0.108301E+01
  14.299590  0.390650E+00  0.107214E+01
  14.326800  0.391545E+00  0.106154E+01
  14.354010  0.392878E+00  0.105147E+01
  14.381220  0.394502E+00  0.104210E+01
  14.408430  0.396210E+00  0.103358E+01
  14.435650  0.397606E+00  0.102591E+01
  14.462860  0.398551E+00  0.101874E+01
  14.490070  0.399406E+00  0.101198E+01
  14.517280  0.400364E+00  0.100654E+01
  14.544490  0.399376E+00  0.100363E+01
  14.571700  0.393706E+00  0.100006E+01
  14.598910  0.386242E+00  0.992424E+00
  14.626120  0.379957E+00  0.981789E+00
  14.653340  0.375340E+00  0.969851E+00
  14.680550  0.372066E+00  0.957425E+00
  14.707760  0.369862E+00  0.944804E+00
  14.734970  0.368577E+00  0.932172E+00
  14.762180  0.368046E+00  0.919692E+00
  14.789390  0.368059E+00  0.907410E+00
  14.816600  0.368496E+00  0.895242E+00
  14.843820  0.369364E+00  0.883103E+00
  14.871030  0.370736E+00  0.870974E+00
  14.898240  0.372735E+00  0.858914E+00
  14.925450  0.375404E+00  0.847135E+00
  14.952660  0.378596E+00  0.835825E+00
  14.979870  0.382097E+00  0.825027E+00
  15.007080  0.385709E+00  0.814646E+00
  15.034300  0.389377E+00  0.804445E+00
  15.061510  0.393293E+00  0.794281E+00
  15.088720  0.397640E+00  0.784253E+00
  15.115930  0.402446E+00  0.774503E+00
  15.143140  0.407697E+00  0.765142E+00
  15.170350  0.413353E+00  0.756285E+00
  15.197560  0.419320E+00  0.748049E+00
  15.224780  0.425436E+00  0.740509E+00
  15.251990  0.431480E+00  0.733644E+00
  15.279200  0.437329E+00  0.727258E+00
  15.306410  0.443077E+00  0.721217E+00
  15.333620  0.448786E+00  0.715586E+00
  15.360830  0.454391E+00  0.710414E+00
  15.388040  0.459826E+00  0.705737E+00
  15.415260  0.464920E+00  0.701611E+00
  15.442470  0.469353E+00  0.697923E+00
  15.469680  0.472912E+00  0.694249E+00
  15.496890  0.475740E+00  0.690038E+00
  15.524100  0.478361E+00  0.684926E+00
  15.551310  0.481431E+00  0.679019E+00
  15.578520  0.485263E+00  0.672777E+00
  15.605740  0.489853E+00  0.666546E+00
  15.632950  0.495176E+00  0.660535E+00
  15.660160  0.501275E+00  0.654983E+00
  15.687370  0.508098E+00  0.650335E+00
  15.714580  0.515055E+00  0.647096E+00
  15.741790  0.521265E+00  0.644883E+00
  15.769000  0.526735E+00  0.643011E+00
  15.796210  0.531625E+00  0.641254E+00
  15.823430  0.536073E+00  0.639341E+00
  15.850640  0.540464E+00  0.637154E+00
  15.877850  0.545136E+00  0.634941E+00
  15.905060  0.550095E+00  0.633116E+00
  15.932270  0.554932E+00  0.631978E+00
  15.959480  0.559093E+00  0.631134E+00
  15.986690  0.562949E+00  0.629937E+00
  16.013910  0.567015E+00  0.628661E+00
  16.041120  0.571148E+00  0.627587E+00
  16.068330  0.575229E+00  0.626619E+00
  16.095540  0.579384E+00  0.625643E+00
  16.122750  0.583792E+00  0.624739E+00
  16.149960  0.588516E+00  0.624036E+00
  16.177170  0.593615E+00  0.623625E+00
  16.204390  0.599201E+00  0.623622E+00
  16.231600  0.605442E+00  0.624240E+00
  16.258810  0.612509E+00  0.625955E+00
  16.286020  0.620228E+00  0.629529E+00
  16.313230  0.627905E+00  0.635616E+00
  16.340440  0.634613E+00  0.644529E+00
  16.367650  0.639156E+00  0.656502E+00
  16.394870  0.639345E+00  0.670907E+00
  16.422080  0.634150E+00  0.684537E+00
  16.449290  0.625752E+00  0.695314E+00
  16.476500  0.615810E+00  0.703433E+00
  16.503710  0.605272E+00  0.709358E+00
  16.530920  0.594388E+00  0.714018E+00
  16.558130  0.582434E+00  0.717721E+00
  16.585350  0.568775E+00  0.719528E+00
  16.612560  0.554644E+00  0.717715E+00
  16.639770  0.542915E+00  0.713378E+00
  16.666980  0.533176E+00  0.709933E+00
  16.694190  0.521854E+00  0.707960E+00
  16.721400  0.507207E+00  0.703965E+00
  16.748610  0.491896E+00  0.695034E+00
  16.775830  0.479455E+00  0.682059E+00
  16.803040  0.470740E+00  0.667976E+00
  16.830250  0.464372E+00  0.654270E+00
  16.857460  0.459380E+00  0.640807E+00
  16.884670  0.455654E+00  0.627424E+00
  16.911880  0.453044E+00  0.614288E+00
  16.939090  0.451220E+00  0.601342E+00
  16.966300  0.450197E+00  0.588245E+00
  16.993520  0.450390E+00  0.575055E+00
  17.020730  0.451823E+00  0.562249E+00
  17.047940  0.454225E+00  0.549998E+00
  17.075150  0.457436E+00  0.538361E+00
  17.102360  0.461276E+00  0.527325E+00
  17.129570  0.465719E+00  0.516801E+00
  17.156780  0.470836E+00  0.506853E+00
  17.184000  0.476603E+00  0.497663E+00
  17.211210  0.482854E+00  0.489415E+00
  17.238420  0.489348E+00  0.482236E+00
  17.265630  0.495681E+00  0.476165E+00
  17.292840  0.501401E+00  0.470840E+00
  17.320050  0.506582E+00  0.465661E+00
  17.347260  0.511628E+00  0.460449E+00
  17.374480  0.516781E+00  0.455322E+00
  17.401690  0.522079E+00  0.450416E+00
  17.428900  0.527538E+00  0.445800E+00
  17.456110  0.533148E+00  0.441558E+00
  17.483320  0.538874E+00  0.437739E+00
  17.510530  0.544721E+00  0.434390E+00
  17.537740  0.550705E+00  0.431651E+00
  17.564960  0.556701E+00  0.429769E+00
  17.592170  0.562340E+00  0.428906E+00
  17.619380  0.567162E+00  0.428962E+00
  17.646590  0.570780E+00  0.429537E+00
  17.673800  0.573206E+00  0.430050E+00
  17.701010  0.574711E+00  0.430164E+00
  17.728220  0.575746E+00  0.429749E+00
  17.755440  0.576620E+00  0.429287E+00
  17.782650  0.576757E+00  0.429300E+00
  17.809860  0.575189E+00  0.429438E+00
  17.837070  0.571227E+00  0.428594E+00
  17.864280  0.564955E+00  0.424722E+00
  17.891490  0.558692E+00  0.415677E+00
  17.918700  0.556675E+00  0.402362E+00
  17.945920  0.560012E+00  0.389176E+00
  17.973130  0.566276E+00  0.378312E+00
  18.000340  0.573707E+00  0.369615E+00
  18.027550  0.581524E+00  0.362570E+00
  18.054760  0.589398E+00  0.356705E+00
  18.081970  0.597315E+00  0.351673E+00
  18.109180  0.605330E+00  0.347413E+00
  18.136390  0.613343E+00  0.343899E+00
  18.163610  0.621292E+00  0.341003E+00
  18.190820  0.629219E+00  0.338647E+00
  18.218030  0.637152E+00  0.336854E+00
  18.245240  0.645067E+00  0.335635E+00
  18.272450  0.652965E+00  0.335013E+00
  18.299660  0.660814E+00  0.335064E+00
  18.326870  0.668549E+00  0.335846E+00
  18.354090  0.676107E+00  0.337485E+00
  18.381300  0.683226E+00  0.340204E+00
  18.408510  0.689290E+00  0.344017E+00
  18.435720  0.693692E+00  0.348266E+00
  18.462930  0.696644E+00  0.351914E+00
  18.490140  0.699103E+00  0.354670E+00
  18.517350  0.701498E+00  0.357072E+00
  18.544570  0.703637E+00  0.359378E+00
  18.571780  0.705442E+00  0.361510E+00
  18.598990  0.706937E+00  0.363496E+00
  18.626200  0.707979E+00  0.365312E+00
  18.653410  0.708480E+00  0.366694E+00
  18.680620  0.708633E+00  0.367293E+00
  18.707830  0.708911E+00  0.366973E+00
  18.735050  0.709751E+00  0.365972E+00
  18.762260  0.711321E+00  0.364687E+00
  18.789470  0.713537E+00  0.363456E+00
  18.816680  0.716222E+00  0.362411E+00
  18.843890  0.719338E+00  0.361537E+00
  18.871100  0.723007E+00  0.360974E+00
  18.898310  0.727167E+00  0.361079E+00
  18.925530  0.731486E+00  0.362076E+00
  18.952740  0.735601E+00  0.363987E+00
  18.979950  0.739172E+00  0.366694E+00
  19.007160  0.741958E+00  0.369911E+00
  19.034370  0.743893E+00  0.373336E+00
  19.061580  0.744957E+00  0.376651E+00
  19.088790  0.745453E+00  0.379449E+00
  19.116010  0.745861E+00  0.381871E+00
  19.143220  0.746231E+00  0.384239E+00
  19.170430  0.746342E+00  0.386742E+00
  19.197640  0.745863E+00  0.389189E+00
  19.224850  0.744909E+00  0.391075E+00
  19.252060  0.744062E+00  0.392348E+00
  19.279270  0.743563E+00  0.393471E+00
  19.306480  0.743211E+00  0.394791E+00
  19.333700  0.742671E+00  0.396371E+00
  19.360910  0.741760E+00  0.397993E+00
  19.388120  0.740519E+00  0.399508E+00
  19.415330  0.739057E+00  0.400840E+00
  19.442540  0.737464E+00  0.402203E+00
  19.469750  0.735307E+00  0.403802E+00
  19.496960  0.731943E+00  0.405081E+00
  19.524180  0.727737E+00  0.404821E+00
  19.551390  0.724075E+00  0.402906E+00
  19.578600  0.721568E+00  0.400231E+00
  19.605810  0.720067E+00  0.397484E+00
  19.633020  0.719291E+00  0.395015E+00
  19.660230  0.718870E+00  0.393006E+00
  19.687440  0.718470E+00  0.391368E+00
  19.714660  0.717939E+00  0.389930E+00
  19.741870  0.717204E+00  0.388504E+00
  19.769080  0.716348E+00  0.386873E+00
  19.796290  0.715596E+00  0.385001E+00
  19.823500  0.715056E+00  0.383034E+00
  19.850710  0.714677E+00  0.381090E+00
  19.877920  0.714414E+00  0.379167E+00
  19.905140  0.714277E+00  0.377338E+00
  19.932350  0.714131E+00  0.375680E+00
  19.959560  0.713821E+00  0.374110E+00
  19.986770  0.713279E+00  0.372454E+00
  20.013980  0.712598E+00  0.370498E+00
  20.041190  0.712031E+00  0.368182E+00
  20.068400  0.711761E+00  0.365655E+00
  20.095620  0.711827E+00  0.363106E+00
  20.122830  0.712155E+00  0.360710E+00
  20.150040  0.712590E+00  0.358547E+00
  20.177250  0.712997E+00  0.356608E+00
  20.204460  0.713247E+00  0.354887E+00
  20.231670  0.713125E+00  0.353289E+00
  20.258880  0.712481E+00  0.351487E+00
  20.286100  0.711522E+00  0.349065E+00
  20.313310  0.710677E+00  0.345934E+00
  20.340520  0.710299E+00  0.342270E+00
  20.367730  0.710511E+00  0.338460E+00
  20.394940  0.711094E+00  0.334790E+00
  20.422150  0.711736E+00  0.331258E+00
  20.449360  0.712242E+00  0.327606E+00
  20.476570  0.712726E+00  0.323483E+00
  20.503790  0.713500E+00  0.318763E+00
  20.531000  0.714885E+00  0.313419E+00
  20.558210  0.717331E+00  0.307669E+00
  20.585420  0.721035E+00  0.302100E+00
  20.612630  0.725677E+00  0.297271E+00
  20.639840  0.730682E+00  0.293288E+00
  20.667050  0.735649E+00  0.289833E+00
  20.694270  0.740522E+00  0.286339E+00
  20.721480  0.745983E+00  0.282264E+00
  20.748690  0.753154E+00  0.278107E+00
  20.775900  0.762182E+00  0.275341E+00
  20.803110  0.772007E+00  0.274868E+00
  20.830320  0.781381E+00  0.276606E+00
  20.857530  0.789735E+00  0.279626E+00
  20.884750  0.797416E+00  0.283381E+00
  20.911960  0.804702E+00  0.287954E+00
  20.939170  0.811535E+00  0.293495E+00
  20.966380  0.817934E+00  0.300108E+00
  20.993590  0.823667E+00  0.308264E+00
  21.020800  0.827925E+00  0.317999E+00
  21.048010  0.830354E+00  0.328933E+00
  21.075230  0.830546E+00  0.341206E+00
  21.102440  0.826939E+00  0.354605E+00
  21.129650  0.818141E+00  0.366505E+00
  21.156860  0.806100E+00  0.373869E+00
  21.184070  0.793899E+00  0.376620E+00
  21.211280  0.783253E+00  0.376353E+00
  21.238490  0.773882E+00  0.375084E+00
  21.265710  0.764148E+00  0.372497E+00
  21.292920  0.755005E+00  0.367083E+00
  21.320130  0.748001E+00  0.359631E+00
  21.347340  0.743311E+00  0.351222E+00
  21.374550  0.740879E+00  0.342602E+00
  21.401760  0.740283E+00  0.334422E+00
  21.428970  0.741124E+00  0.326735E+00
  21.456190  0.743553E+00  0.319783E+00
  21.483400  0.747333E+00  0.314418E+00
  21.510610  0.751267E+00  0.311300E+00
  21.537820  0.753670E+00  0.309638E+00
  21.565030  0.754529E+00  0.307356E+00
  21.592240  0.755582E+00  0.303857E+00
  21.619450  0.757603E+00  0.300185E+00
  21.646660  0.760212E+00  0.297048E+00
  21.673880  0.762853E+00  0.294555E+00
  21.701090  0.765096E+00  0.292385E+00
  21.728300  0.766915E+00  0.289929E+00
  21.755510  0.768919E+00  0.286776E+00
  21.782720  0.771725E+00  0.283319E+00
  21.809930  0.775260E+00  0.280011E+00
  21.837140  0.779529E+00  0.276895E+00
  21.864360  0.784748E+00  0.274314E+00
  21.891570  0.790768E+00  0.272865E+00
  21.918780  0.797011E+00  0.273038E+00
  21.945990  0.802500E+00  0.274859E+00
  21.973200  0.806455E+00  0.277521E+00
  22.000410  0.808966E+00  0.279980E+00
  22.027620  0.810665E+00  0.281669E+00
  22.054840  0.812242E+00  0.282529E+00
  22.082050  0.814179E+00  0.282849E+00
  22.109260  0.816739E+00  0.283035E+00
  22.136470  0.819959E+00  0.283659E+00
  22.163680  0.823384E+00  0.285233E+00
  22.190890  0.826327E+00  0.287753E+00
  22.218100  0.828354E+00  0.290774E+00
  22.245320  0.829450E+00  0.293796E+00
  22.272530  0.829775E+00  0.296501E+00
  22.299740  0.829570E+00  0.298642E+00
  22.326950  0.829225E+00  0.300117E+00
  22.354160  0.829176E+00  0.301123E+00
  22.381370  0.829675E+00  0.302287E+00
  22.408580  0.830082E+00  0.304489E+00
  22.435800  0.828917E+00  0.307369E+00
  22.463010  0.825963E+00  0.309378E+00
  22.490220  0.821988E+00  0.309886E+00
  22.517430  0.816941E+00  0.308506E+00
  22.544640  0.811814E+00  0.303242E+00
  22.571850  0.810513E+00  0.294450E+00
  22.599060  0.814027E+00  0.286355E+00
  22.626280  0.819786E+00  0.280787E+00
  22.653490  0.826186E+00  0.277285E+00
  22.680700  0.832677E+00  0.275207E+00
  22.707910  0.839166E+00  0.274093E+00
  22.735120  0.845769E+00  0.273735E+00
  22.762330  0.852619E+00  0.274137E+00
  22.789540  0.859793E+00  0.275496E+00
  22.816750  0.867116E+00  0.278100E+00
  22.843970  0.874310E+00  0.282045E+00
  22.871180  0.881188E+00  0.287504E+00
  22.898390  0.887174E+00  0.294905E+00
  22.925600  0.890896E+00  0.304108E+00
  22.952810  0.891165E+00  0.313493E+00
  22.980020  0.888626E+00  0.320662E+00
  23.007230  0.885631E+00  0.324664E+00
  23.034450  0.884160E+00  0.326520E+00
  23.061660  0.884797E+00  0.327913E+00
  23.088870  0.887194E+00  0.330205E+00
  23.116080  0.890319E+00  0.334458E+00
  23.143290  0.892488E+00  0.340476E+00
  23.170500  0.893411E+00  0.346828E+00
  23.197710  0.893981E+00  0.353389E+00
  23.224930  0.893996E+00  0.360946E+00
  23.252140  0.892290E+00  0.369345E+00
  23.279350  0.888562E+00  0.377195E+00
  23.306560  0.883868E+00  0.383756E+00
  23.333770  0.879020E+00  0.389578E+00
  23.360980  0.873686E+00  0.395272E+00
  23.388190  0.867230E+00  0.400532E+00
  23.415410  0.859839E+00  0.404394E+00
  23.442620  0.852576E+00  0.406751E+00
  23.469830  0.845836E+00  0.408238E+00
  23.497040  0.839525E+00  0.409286E+00
  23.524250  0.833418E+00  0.409979E+00
  23.551460  0.827657E+00  0.410225E+00
  23.578670  0.822474E+00  0.410451E+00
  23.605890  0.817485E+00  0.411224E+00
  23.633100  0.811918E+00  0.412632E+00
  23.660310  0.805013E+00  0.414156E+00
  23.687520  0.796588E+00  0.414656E+00
  23.714730  0.787481E+00  0.413280E+00
  23.741940  0.778618E+00  0.410121E+00
  23.769150  0.770410E+00  0.405508E+00
  23.796370  0.763138E+00  0.399689E+00
  23.823580  0.757066E+00  0.392985E+00
  23.850790  0.752329E+00  0.385838E+00
  23.878000  0.748811E+00  0.378755E+00
  23.905210  0.746029E+00  0.372087E+00
  23.932420  0.743369E+00  0.365608E+00
  23.959630  0.740796E+00  0.358596E+00
  23.986840  0.739043E+00  0.350741E+00
  24.014060  0.738717E+00  0.342589E+00
  24.041270  0.739694E+00  0.334833E+00
  24.068480  0.741565E+00  0.327731E+00
  24.095690  0.744007E+00  0.321296E+00
  24.122900  0.746789E+00  0.315381E+00
  24.150110  0.749922E+00  0.309769E+00
  24.177320  0.753605E+00  0.304436E+00
  24.204540  0.757942E+00  0.299614E+00
  24.231750  0.762769E+00  0.295544E+00
  24.258960  0.767837E+00  0.292277E+00
  24.286170  0.772936E+00  0.289733E+00
  24.313380  0.777965E+00  0.287705E+00
  24.340590  0.783077E+00  0.286061E+00
  24.367800  0.788353E+00  0.284923E+00
  24.395020  0.793738E+00  0.284306E+00
  24.422230  0.799414E+00  0.284245E+00
  24.449440  0.805441E+00  0.285259E+00
  24.476650  0.811161E+00  0.287852E+00
  24.503860  0.815536E+00  0.291678E+00
  24.531070  0.818374E+00  0.295597E+00
  24.558280  0.820360E+00  0.299185E+00
  24.585500  0.821601E+00  0.302677E+00
  24.612710  0.821665E+00  0.305551E+00
  24.639920  0.821505E+00  0.306468E+00
  24.667130  0.823568E+00  0.306350E+00
  24.694340  0.827356E+00  0.308286E+00
  24.721550  0.829915E+00  0.312477E+00
  24.748760  0.830308E+00  0.316626E+00
  24.775980  0.829904E+00  0.319341E+00
  24.803190  0.830222E+00  0.320998E+00
  24.830400  0.831689E+00  0.322925E+00
  24.857610  0.833501E+00  0.326023E+00
  24.884820  0.834661E+00  0.330231E+00
  24.912030  0.834521E+00  0.334824E+00
  24.939240  0.833283E+00  0.338799E+00
  24.966460  0.831784E+00  0.341757E+00
  24.993670  0.830830E+00  0.344015E+00
  25.020880  0.830681E+00  0.346300E+00
  25.048090  0.831152E+00  0.349196E+00
  25.075300  0.831836E+00  0.353180E+00
  25.102510  0.831878E+00  0.358412E+00
  25.129720  0.830681E+00  0.364144E+00
  25.156930  0.828474E+00  0.369802E+00
  25.184150  0.825560E+00  0.375063E+00
  25.211360  0.822676E+00  0.379940E+00
  25.238570  0.820087E+00  0.385558E+00
  25.265780  0.816484E+00  0.392474E+00
  25.292990  0.811321E+00  0.399836E+00
  25.320200  0.804501E+00  0.407944E+00
  25.347410  0.793998E+00  0.416223E+00
  25.374630  0.779847E+00  0.421197E+00
  25.401840  0.765120E+00  0.421833E+00
  25.429050  0.751262E+00  0.419134E+00
  25.456260  0.739234E+00  0.413508E+00
  25.483470  0.730262E+00  0.406361E+00
  25.510680  0.723900E+00  0.399672E+00
  25.537890  0.718737E+00  0.394057E+00
  25.565110  0.713912E+00  0.389134E+00
  25.592320  0.709323E+00  0.384455E+00
  25.619530  0.705096E+00  0.380118E+00
  25.646740  0.700771E+00  0.376502E+00
  25.673950  0.695173E+00  0.373172E+00
  25.701160  0.688106E+00  0.368008E+00
  25.728370  0.682156E+00  0.359689E+00
  25.755590  0.679721E+00  0.350298E+00
  25.782800  0.680148E+00  0.342376E+00
  25.810010  0.682080E+00  0.336799E+00
  25.837220  0.684199E+00  0.333964E+00
  25.864430  0.685098E+00  0.333592E+00
  25.891640  0.683577E+00  0.334692E+00
  25.918850  0.679365E+00  0.335503E+00
  25.946070  0.673865E+00  0.334954E+00
  25.973280  0.667857E+00  0.334318E+00
  26.000490  0.659248E+00  0.334082E+00
  26.027700  0.646608E+00  0.330894E+00
  26.054910  0.633451E+00  0.321785E+00
  26.082120  0.623180E+00  0.308651E+00
  26.109330  0.615924E+00  0.293699E+00
  26.136550  0.611020E+00  0.277667E+00
  26.163760  0.608133E+00  0.260151E+00
  26.190970  0.608937E+00  0.240371E+00
  26.218180  0.615902E+00  0.221105E+00
  26.245390  0.626962E+00  0.206111E+00
  26.272600  0.638939E+00  0.195291E+00
  26.299810  0.650740E+00  0.187408E+00
  26.327020  0.662078E+00  0.181800E+00
  26.354240  0.672679E+00  0.178055E+00
  26.381450  0.682349E+00  0.175715E+00
  26.408660  0.691060E+00  0.174402E+00
  26.435870  0.698814E+00  0.173810E+00
  26.463080  0.705662E+00  0.173656E+00
  26.490290  0.711653E+00  0.173667E+00
  26.517500  0.717085E+00  0.173415E+00
  26.544720  0.722687E+00  0.172992E+00
  26.571930  0.728528E+00  0.173166E+00
  26.599140  0.734015E+00  0.174083E+00
  26.626350  0.738944E+00  0.175413E+00
  26.653560  0.743427E+00  0.176960E+00
  26.680770  0.747609E+00  0.178744E+00
  26.707980  0.751493E+00  0.180937E+00
  26.735200  0.754855E+00  0.183684E+00
  26.762410  0.757249E+00  0.186891E+00
  26.789620  0.758389E+00  0.189866E+00
  26.816830  0.758940E+00  0.192049E+00
  26.844040  0.759319E+00  0.193738E+00
  26.871250  0.759705E+00  0.194985E+00
  26.898460  0.760293E+00  0.196172E+00
  26.925680  0.760937E+00  0.197631E+00
  26.952890  0.761205E+00  0.199720E+00
  26.980100  0.760254E+00  0.202107E+00
  27.007310  0.758035E+00  0.203805E+00
  27.034520  0.755126E+00  0.204376E+00
  27.061730  0.751922E+00  0.203758E+00
  27.088940  0.748770E+00  0.201752E+00
  27.116160  0.746484E+00  0.198405E+00
  27.143370  0.745546E+00  0.194582E+00
  27.170580  0.745564E+00  0.191015E+00
  27.197790  0.745962E+00  0.187742E+00
  27.225000  0.746669E+00  0.184480E+00
  27.252210  0.747781E+00  0.181327E+00
  27.279420  0.749179E+00  0.178369E+00
  27.306640  0.750701E+00  0.175626E+00
  27.333850  0.752119E+00  0.172940E+00
  27.361060  0.753326E+00  0.169861E+00
  27.388270  0.754812E+00  0.165600E+00
  27.415480  0.758311E+00  0.160180E+00
  27.442690  0.764668E+00  0.155823E+00
  27.469900  0.772438E+00  0.154063E+00
  27.497110  0.780145E+00  0.155045E+00
  27.524330  0.786659E+00  0.158306E+00
  27.551540  0.791199E+00  0.162996E+00
  27.578750  0.793661E+00  0.167919E+00
  27.605960  0.794798E+00  0.172429E+00
  27.633170  0.794959E+00  0.176822E+00
  27.660380  0.793791E+00  0.180933E+00
  27.687590  0.791529E+00  0.184199E+00
  27.714810  0.788437E+00  0.186659E+00
  27.742020  0.784375E+00  0.187860E+00
  27.769230  0.780169E+00  0.187095E+00
  27.796440  0.777059E+00  0.184904E+00
  27.823650  0.775032E+00  0.182478E+00
  27.850860  0.773380E+00  0.180106E+00
  27.878070  0.771800E+00  0.177444E+00
  27.905290  0.770540E+00  0.174243E+00
  27.932500  0.769793E+00  0.170722E+00
  27.959710  0.769341E+00  0.166877E+00
  27.986920  0.769518E+00  0.162215E+00
  28.014130  0.771333E+00  0.157245E+00
  28.041340  0.774497E+00  0.153289E+00
  28.068550  0.777934E+00  0.150470E+00
  28.095770  0.781327E+00  0.148294E+00
  28.122980  0.784750E+00  0.146590E+00
  28.150190  0.788199E+00  0.145378E+00
  28.177400  0.791589E+00  0.144687E+00
  28.204610  0.794744E+00  0.144539E+00
  28.231820  0.797412E+00  0.144765E+00
  28.259030  0.799542E+00  0.144982E+00
  28.286250  0.801430E+00  0.144900E+00
  28.313460  0.803441E+00  0.144567E+00
  28.340670  0.805818E+00  0.144260E+00
  28.367880  0.808452E+00  0.144407E+00
  28.395090  0.810945E+00  0.145131E+00
  28.422300  0.812956E+00  0.146239E+00
  28.449510  0.814409E+00  0.147311E+00
  28.476730  0.815652E+00  0.148083E+00
  28.503940  0.816997E+00  0.148771E+00
  28.531150  0.818339E+00  0.149648E+00
  28.558360  0.819470E+00  0.150699E+00
  28.585570  0.820313E+00  0.151779E+00
  28.612780  0.820979E+00  0.152752E+00
  28.639990  0.821631E+00  0.153733E+00
  28.667200  0.822133E+00  0.154965E+00
  28.694420  0.822075E+00  0.156340E+00
  28.721630  0.821494E+00  0.157303E+00
  28.748840  0.820872E+00  0.157818E+00
  28.776050  0.820331E+00  0.158192E+00
  28.803260  0.819628E+00  0.158544E+00
  28.830470  0.818734E+00  0.158667E+00
  28.857680  0.817714E+00  0.158604E+00
  28.884900  0.816443E+00  0.158265E+00
  28.912110  0.815011E+00  0.157372E+00
  28.939320  0.813804E+00  0.155829E+00
  28.966530  0.813122E+00  0.153931E+00
  28.993740  0.812920E+00  0.152010E+00
  29.020950  0.813023E+00  0.150216E+00
  29.048160  0.813286E+00  0.148587E+00
  29.075380  0.813523E+00  0.147116E+00
  29.102590  0.813598E+00  0.145581E+00
  29.129800  0.813691E+00  0.143755E+00
  29.157010  0.814049E+00  0.141720E+00
  29.184220  0.814708E+00  0.139665E+00
  29.211430  0.815599E+00  0.137700E+00
  29.238640  0.816630E+00  0.135879E+00
  29.265860  0.817679E+00  0.134191E+00
  29.293070  0.818686E+00  0.132521E+00
  29.320280  0.819713E+00  0.130795E+00
  29.347490  0.820783E+00  0.129016E+00
  29.374700  0.821925E+00  0.127125E+00
  29.401910  0.823252E+00  0.125131E+00
  29.429120  0.824798E+00  0.123130E+00
  29.456340  0.826551E+00  0.121172E+00
  29.483550  0.828489E+00  0.119308E+00
  29.510760  0.830569E+00  0.117565E+00
  29.537970  0.832749E+00  0.115940E+00
  29.565180  0.835002E+00  0.114402E+00
  29.592390  0.837370E+00  0.112916E+00
  29.619600  0.839894E+00  0.111548E+00
  29.646820  0.842520E+00  0.110341E+00
  29.674030  0.845226E+00  0.109279E+00
  29.701240  0.848019E+00  0.108391E+00
  29.728450  0.850841E+00  0.107712E+00
  29.755660  0.853637E+00  0.107205E+00
  29.782870  0.856412E+00  0.106836E+00
  29.810080  0.859173E+00  0.106611E+00
  29.837290  0.861896E+00  0.106553E+00
  29.864510  0.864514E+00  0.106662E+00
  29.891720  0.866945E+00  0.106841E+00
  29.918930  0.869283E+00  0.106938E+00
  29.946140  0.871671E+00  0.107009E+00
  29.973350  0.874110E+00  0.107131E+00
  30.000560  0.876599E+00  0.107335E+00
  30.027770  0.879125E+00  0.107664E+00
  30.054990  0.881656E+00  0.108162E+00
  30.082200  0.884114E+00  0.108854E+00
  30.109410  0.886417E+00  0.109708E+00
  30.136620  0.888497E+00  0.110652E+00
  30.163830  0.890328E+00  0.111545E+00
  30.191040  0.892040E+00  0.112242E+00
  30.218250  0.893829E+00  0.112792E+00
  30.245470  0.895722E+00  0.113360E+00
  30.272680  0.897629E+00  0.114004E+00
  30.299890  0.899481E+00  0.114691E+00
  30.327100  0.901285E+00  0.115338E+00
  30.354310  0.903132E+00  0.115941E+00
  30.381520  0.905038E+00  0.116571E+00
  30.408730  0.906955E+00  0.117239E+00
  30.435950  0.908899E+00  0.117899E+00
  30.463160  0.910934E+00  0.118568E+00
  30.490370  0.913083E+00  0.119318E+00
  30.517580  0.915315E+00  0.120213E+00
  30.544790  0.917568E+00  0.121274E+00
  30.572000  0.919810E+00  0.122475E+00
  30.599210  0.922061E+00  0.123804E+00
  30.626430  0.924343E+00  0.125318E+00
  30.653640  0.926590E+00  0.127083E+00
  30.680850  0.928713E+00  0.129091E+00
  30.708060  0.930681E+00  0.131299E+00
  30.735270  0.932504E+00  0.133723E+00
  30.762480  0.934110E+00  0.136451E+00
  30.789690  0.935265E+00  0.139517E+00
  30.816910  0.935672E+00  0.142657E+00
  30.844120  0.935416E+00  0.145372E+00
  30.871330  0.934899E+00  0.147489E+00
  30.898540  0.934442E+00  0.149080E+00
  30.925750  0.934283E+00  0.150380E+00
  30.952960  0.934422E+00  0.151775E+00
  30.980170  0.934514E+00  0.153498E+00
  31.007380  0.934183E+00  0.155394E+00
  31.034600  0.933334E+00  0.157119E+00
  31.061810  0.932052E+00  0.158402E+00
  31.089020  0.930589E+00  0.158983E+00
  31.116230  0.929370E+00  0.158904E+00
  31.143440  0.928563E+00  0.158493E+00
  31.170650  0.928039E+00  0.157966E+00
  31.197860  0.927603E+00  0.157291E+00
  31.225080  0.927269E+00  0.156160E+00
  31.252290  0.927581E+00  0.154521E+00
  31.279500  0.928738E+00  0.152993E+00
  31.306710  0.930333E+00  0.151902E+00
  31.333920  0.932063E+00  0.151132E+00
  31.361130  0.933894E+00  0.150515E+00
  31.388340  0.935894E+00  0.150018E+00
  31.415560  0.938065E+00  0.149682E+00
  31.442770  0.940376E+00  0.149487E+00
  31.469980  0.942895E+00  0.149414E+00
  31.497190  0.945683E+00  0.149575E+00
  31.524400  0.948664E+00  0.150100E+00
  31.551610  0.951716E+00  0.151006E+00
  31.578820  0.954792E+00  0.152280E+00
  31.606040  0.957834E+00  0.153962E+00
  31.633250  0.960713E+00  0.156063E+00
  31.660460  0.963257E+00  0.158521E+00
  31.687670  0.965275E+00  0.161033E+00
  31.714880  0.967107E+00  0.163103E+00
  31.742090  0.969424E+00  0.164933E+00
  31.769300  0.972328E+00  0.167115E+00
  31.796520  0.975616E+00  0.169985E+00
  31.823730  0.979104E+00  0.173815E+00
  31.850940  0.982440E+00  0.178949E+00
  31.878150  0.984947E+00  0.185581E+00
  31.905360  0.985756E+00  0.193469E+00
  31.932570  0.984149E+00  0.201775E+00
  31.959780  0.980110E+00  0.209335E+00
  31.987000  0.974028E+00  0.215353E+00
  32.014210  0.966512E+00  0.218931E+00
  32.041420  0.958890E+00  0.219611E+00
  32.068630  0.952372E+00  0.217967E+00
  32.095840  0.947411E+00  0.214818E+00
  32.123050  0.944167E+00  0.210829E+00
  32.150260  0.942569E+00  0.206625E+00
  32.177470  0.942362E+00  0.202622E+00
  32.204690  0.943332E+00  0.199142E+00
  32.231900  0.944947E+00  0.196525E+00
  32.259110  0.946542E+00  0.194348E+00
  32.286320  0.948422E+00  0.191868E+00
  32.313530  0.951416E+00  0.189264E+00
  32.340740  0.955668E+00  0.187434E+00
  32.367950  0.960469E+00  0.186903E+00
  32.395170  0.965231E+00  0.187370E+00
  32.422380  0.969963E+00  0.188524E+00
  32.449590  0.974744E+00  0.190370E+00
  32.476800  0.979549E+00  0.193000E+00
  32.504010  0.984277E+00  0.196578E+00
  32.531220  0.988568E+00  0.201264E+00
  32.558430  0.991914E+00  0.206806E+00
  32.585650  0.994203E+00  0.212691E+00
  32.612860  0.995553E+00  0.218494E+00
  32.640070  0.996418E+00  0.223885E+00
  32.667280  0.997426E+00  0.229053E+00
  32.694490  0.998853E+00  0.234748E+00
  32.721700  0.100019E+01  0.241729E+00
  32.748910  0.100066E+01  0.250276E+00
  32.776130  0.999057E+00  0.260490E+00
  32.803340  0.993826E+00  0.271226E+00
  32.830550  0.984618E+00  0.280021E+00
  32.857760  0.973270E+00  0.284665E+00
  32.884970  0.962509E+00  0.285319E+00
  32.912180  0.953455E+00  0.283494E+00
  32.939390  0.946091E+00  0.280217E+00
  32.966610  0.940260E+00  0.275882E+00
  32.993820  0.936074E+00  0.270590E+00
  33.021030  0.934059E+00  0.264731E+00
  33.048240  0.934406E+00  0.259288E+00
  33.075450  0.936526E+00  0.255232E+00
  33.102660  0.939460E+00  0.252726E+00
  33.129870  0.942861E+00  0.251471E+00
  33.157090  0.946654E+00  0.251605E+00
  33.184300  0.950411E+00  0.253394E+00
  33.211510  0.953422E+00  0.256919E+00
  33.238720  0.954747E+00  0.261752E+00
  33.265930  0.953850E+00  0.266655E+00
  33.293140  0.951430E+00  0.270315E+00
  33.320350  0.948699E+00  0.272625E+00
  33.347560  0.946121E+00  0.274084E+00
  33.374780  0.943748E+00  0.274908E+00
  33.401990  0.941717E+00  0.275114E+00
  33.429200  0.940424E+00  0.274746E+00
  33.456410  0.940304E+00  0.274458E+00
  33.483620  0.940949E+00  0.275058E+00
  33.510830  0.941725E+00  0.276631E+00
  33.538040  0.942304E+00  0.279194E+00
  33.565260  0.942156E+00  0.282690E+00
  33.592470  0.940884E+00  0.286691E+00
  33.619680  0.938325E+00  0.290811E+00
  33.646890  0.934180E+00  0.294460E+00
  33.674100  0.928894E+00  0.296515E+00
  33.701310  0.923753E+00  0.296907E+00
  33.728520  0.919237E+00  0.296451E+00
  33.755740  0.914886E+00  0.295594E+00
  33.782950  0.910558E+00  0.293784E+00
  33.810160  0.906920E+00  0.291010E+00
  33.837370  0.904101E+00  0.287714E+00
  33.864580  0.901983E+00  0.284070E+00
  33.891790  0.900425E+00  0.279966E+00
  33.919000  0.899803E+00  0.275022E+00
  33.946220  0.900986E+00  0.269582E+00
  33.973430  0.904196E+00  0.264754E+00
  34.000640  0.908671E+00  0.261311E+00
  34.027850  0.913669E+00  0.259023E+00
  34.055060  0.919256E+00  0.257515E+00
  34.082270  0.925743E+00  0.256930E+00
  34.109480  0.933305E+00  0.257786E+00
  34.136700  0.941617E+00  0.260967E+00
  34.163910  0.949589E+00  0.266910E+00
  34.191120  0.956268E+00  0.275310E+00
  34.218330  0.961087E+00  0.285769E+00
  34.245540  0.963289E+00  0.297899E+00
  34.272750  0.962209E+00  0.310553E+00
  34.299960  0.958327E+00  0.322513E+00
  34.327180  0.951930E+00  0.333803E+00
  34.354390  0.942345E+00  0.343090E+00
  34.381600  0.931402E+00  0.348527E+00
  34.408810  0.921385E+00  0.350826E+00
  34.436020  0.912977E+00  0.351610E+00
  34.463230  0.905712E+00  0.351769E+00
  34.490440  0.899376E+00  0.351624E+00
  34.517650  0.893628E+00  0.351452E+00
  34.544870  0.888422E+00  0.351185E+00
  34.572080  0.883813E+00  0.351497E+00
  34.599290  0.878531E+00  0.352978E+00
  34.626500  0.870910E+00  0.354306E+00
  34.653710  0.861646E+00  0.352579E+00
  34.680920  0.854177E+00  0.347466E+00
  34.708130  0.849860E+00  0.341519E+00
  34.735350  0.848055E+00  0.336543E+00
  34.762560  0.847453E+00  0.333812E+00
  34.789770  0.845654E+00  0.332947E+00
  34.816980  0.842660E+00  0.331601E+00
  34.844190  0.839734E+00  0.329966E+00
  34.871400  0.836486E+00  0.328340E+00
  34.898610  0.832818E+00  0.326164E+00
  34.925830  0.829256E+00  0.323126E+00
  34.953040  0.826283E+00  0.319415E+00
  34.980250  0.824127E+00  0.315366E+00
  35.007460  0.822871E+00  0.311375E+00
  35.034670  0.822321E+00  0.307935E+00
  35.061880  0.821817E+00  0.305312E+00
  35.089090  0.820543E+00  0.302926E+00
  35.116310  0.818976E+00  0.299535E+00
  35.143520  0.818273E+00  0.295520E+00
  35.170730  0.818273E+00  0.291561E+00
  35.197940  0.818633E+00  0.287511E+00
  35.225150  0.819817E+00  0.282938E+00
  35.252360  0.822662E+00  0.278483E+00
  35.279570  0.826875E+00  0.275274E+00
  35.306790  0.831557E+00  0.273545E+00
  35.334000  0.836371E+00  0.272950E+00
  35.361210  0.841385E+00  0.273520E+00
  35.388420  0.846397E+00  0.275507E+00
  35.415630  0.851020E+00  0.279085E+00
  35.442840  0.854671E+00  0.284268E+00
  35.470050  0.856814E+00  0.290690E+00
  35.497270  0.857175E+00  0.297994E+00
  35.524480  0.855278E+00  0.305768E+00
  35.551690  0.850786E+00  0.313061E+00
  35.578900  0.844072E+00  0.318818E+00
  35.606110  0.835740E+00  0.322286E+00
  35.633320  0.827116E+00  0.322678E+00
  35.660530  0.819900E+00  0.320789E+00
  35.687740  0.814376E+00  0.318023E+00
  35.714960  0.810118E+00  0.315227E+00
  35.742170  0.806514E+00  0.312849E+00
  35.769380  0.802648E+00  0.310834E+00
  35.796590  0.798016E+00  0.308095E+00
  35.823800  0.793512E+00  0.303583E+00
  35.851010  0.790522E+00  0.297463E+00
  35.878220  0.789814E+00  0.290809E+00
  35.905440  0.791310E+00  0.284734E+00
  35.932650  0.794453E+00  0.280027E+00
  35.959860  0.798534E+00  0.276990E+00
  35.987070  0.802995E+00  0.275646E+00
  36.014280  0.807402E+00  0.275908E+00
  36.041490  0.811450E+00  0.277575E+00
  36.068700  0.815184E+00  0.280570E+00
  36.095920  0.818390E+00  0.285498E+00
  36.123130  0.819758E+00  0.292672E+00
  36.150340  0.817821E+00  0.301140E+00
  36.177550  0.811874E+00  0.308903E+00
  36.204760  0.803023E+00  0.313719E+00
  36.231970  0.793342E+00  0.314770E+00
  36.259180  0.785452E+00  0.312645E+00
  36.286400  0.779936E+00  0.310443E+00
  36.313610  0.774540E+00  0.309199E+00
  36.340820  0.768021E+00  0.307668E+00
  36.368030  0.760843E+00  0.304557E+00
  36.395240  0.753920E+00  0.299491E+00
  36.422450  0.748393E+00  0.292495E+00
  36.449660  0.745085E+00  0.284781E+00
  36.476880  0.743452E+00  0.277340E+00
  36.504090  0.743103E+00  0.270184E+00
  36.531300  0.744121E+00  0.263677E+00
  36.558510  0.745970E+00  0.258288E+00
  36.585720  0.748101E+00  0.253822E+00
  36.612930  0.750452E+00  0.250068E+00
  36.640140  0.752893E+00  0.246997E+00
  36.667360  0.755492E+00  0.244449E+00
  36.694570  0.758237E+00  0.242769E+00
  36.721780  0.760681E+00  0.241871E+00
  36.748990  0.762869E+00  0.241681E+00
  36.776200  0.764389E+00  0.242376E+00
  36.803410  0.764688E+00  0.243526E+00
  36.830620  0.763654E+00  0.244397E+00
  36.857830  0.761659E+00  0.244259E+00
  36.885050  0.759535E+00  0.242806E+00
  36.912260  0.758046E+00  0.240398E+00
  36.939470  0.757402E+00  0.237742E+00
  36.966680  0.757287E+00  0.235281E+00
  36.993890  0.757361E+00  0.233021E+00
  37.021100  0.757552E+00  0.230804E+00
  37.048310  0.757952E+00  0.228615E+00
  37.075530  0.758543E+00  0.226584E+00
  37.102740  0.759161E+00  0.224696E+00
  37.129950  0.759868E+00  0.222775E+00
  37.157160  0.760850E+00  0.220985E+00
  37.184370  0.761865E+00  0.219541E+00
  37.211580  0.762654E+00  0.218199E+00
  37.238790  0.763389E+00  0.216597E+00
  37.266010  0.764575E+00  0.214758E+00
  37.293220  0.766470E+00  0.213254E+00
  37.320430  0.768664E+00  0.212664E+00
  37.347640  0.770481E+00  0.212960E+00
  37.374850  0.771604E+00  0.213731E+00
  37.402060  0.772052E+00  0.214694E+00
  37.429270  0.771712E+00  0.215746E+00
  37.456490  0.770438E+00  0.216506E+00
  37.483700  0.768283E+00  0.216596E+00
  37.510910  0.765308E+00  0.215199E+00
  37.538120  0.763238E+00  0.211643E+00
  37.565330  0.763169E+00  0.207805E+00
  37.592540  0.763996E+00  0.204770E+00
  37.619750  0.764870E+00  0.202340E+00
  37.646970  0.765419E+00  0.200017E+00
  37.674180  0.765711E+00  0.197156E+00
  37.701390  0.766398E+00  0.193284E+00
  37.728600  0.768446E+00  0.188661E+00
  37.755810  0.772259E+00  0.184310E+00
  37.783020  0.777345E+00  0.181061E+00
  37.810230  0.783097E+00  0.179082E+00
  37.837450  0.789149E+00  0.178369E+00
  37.864660  0.795204E+00  0.178860E+00
  37.891870  0.801038E+00  0.180480E+00
  37.919080  0.806452E+00  0.183086E+00
  37.946290  0.811433E+00  0.186568E+00
  37.973500  0.815855E+00  0.191091E+00
  38.000710  0.819218E+00  0.196692E+00
  38.027920  0.820878E+00  0.202864E+00
  38.055140  0.820915E+00  0.208536E+00
  38.082350  0.820188E+00  0.213311E+00
  38.109560  0.819188E+00  0.217421E+00
  38.136770  0.818282E+00  0.221106E+00
  38.163980  0.817531E+00  0.225075E+00
  38.191190  0.816141E+00  0.229662E+00
  38.218400  0.813492E+00  0.234256E+00
  38.245620  0.809735E+00  0.238109E+00
  38.272830  0.805380E+00  0.240839E+00
  38.300040  0.801007E+00  0.242475E+00
  38.327250  0.796965E+00  0.243305E+00
  38.354460  0.793461E+00  0.243733E+00
  38.381670  0.790328E+00  0.244364E+00
  38.408880  0.786669E+00  0.245429E+00
  38.436100  0.781813E+00  0.245828E+00
  38.463310  0.776801E+00  0.244581E+00
  38.490520  0.772515E+00  0.242323E+00
  38.517730  0.768791E+00  0.239452E+00
  38.544940  0.765683E+00  0.235863E+00
  38.572150  0.763613E+00  0.231665E+00
  38.599360  0.762745E+00  0.227465E+00
  38.626580  0.762671E+00  0.223615E+00
  38.653790  0.763160E+00  0.219991E+00
  38.681000  0.764290E+00  0.216567E+00
  38.708210  0.766084E+00  0.213496E+00
  38.735420  0.768473E+00  0.210904E+00
  38.762630  0.771406E+00  0.208905E+00
  38.789840  0.774784E+00  0.207696E+00
  38.817060  0.778318E+00  0.207419E+00
  38.844270  0.781717E+00  0.207984E+00
  38.871480  0.784840E+00  0.209278E+00
  38.898690  0.787490E+00  0.211185E+00
  38.925900  0.789536E+00  0.213391E+00
  38.953110  0.791117E+00  0.215541E+00
  38.980320  0.792667E+00  0.217468E+00
  39.007540  0.794604E+00  0.219522E+00
  39.034750  0.796831E+00  0.222217E+00
  39.061960  0.798958E+00  0.225768E+00
  39.089170  0.800617E+00  0.230120E+00
  39.116380  0.801543E+00  0.234991E+00
  39.143590  0.801861E+00  0.240002E+00
  39.170800  0.801928E+00  0.245205E+00
  39.198010  0.801860E+00  0.250951E+00
  39.225230  0.801494E+00  0.257731E+00
  39.252440  0.800192E+00  0.266127E+00
  39.279650  0.796306E+00  0.276232E+00
  39.306860  0.788321E+00  0.286006E+00
  39.334070  0.777321E+00  0.293085E+00
  39.361280  0.764926E+00  0.296957E+00
  39.388490  0.752327E+00  0.297459E+00
  39.415710  0.740911E+00  0.294901E+00
  39.442920  0.731702E+00  0.290407E+00
  39.470130  0.724812E+00  0.285333E+00
  39.497340  0.719666E+00  0.280744E+00
  39.524550  0.715090E+00  0.276996E+00
  39.551760  0.710484E+00  0.273255E+00
  39.578970  0.706300E+00  0.269216E+00
  39.606190  0.702607E+00  0.265049E+00
  39.633400  0.699400E+00  0.260735E+00
  39.660610  0.696764E+00  0.256283E+00
  39.687820  0.694861E+00  0.251704E+00
  39.715030  0.694013E+00  0.247314E+00
  39.742240  0.694039E+00  0.243791E+00
  39.769450  0.694277E+00  0.241331E+00
  39.796670  0.694299E+00  0.239659E+00
  39.823880  0.694008E+00  0.238509E+00
  39.851090  0.693341E+00  0.237726E+00
  39.878300  0.692310E+00  0.237075E+00
  39.905510  0.691146E+00  0.236527E+00
  39.932720  0.689778E+00  0.236353E+00
  39.959930  0.687798E+00  0.236489E+00
  39.987150  0.684990E+00  0.236459E+00
  40.014360  0.681731E+00  0.235768E+00
  40.041570  0.678376E+00  0.234558E+00
  40.068780  0.674987E+00  0.232692E+00
  40.095990  0.672097E+00  0.230191E+00
  40.123200  0.669918E+00  0.227603E+00
  40.150410  0.668185E+00  0.225260E+00
  40.177630  0.666736E+00  0.223173E+00
  40.204840  0.665496E+00  0.221467E+00
  40.232050  0.664247E+00  0.220164E+00
  40.259260  0.662931E+00  0.219159E+00
  40.286470  0.661578E+00  0.218537E+00
  40.313680  0.659985E+00  0.218482E+00
  40.340890  0.657720E+00  0.218910E+00
  40.368100  0.654564E+00  0.219379E+00
  40.395320  0.650622E+00  0.219453E+00
  40.422530  0.646294E+00  0.218808E+00
  40.449740  0.642131E+00  0.217585E+00
  40.476950  0.638276E+00  0.216300E+00
  40.504160  0.634443E+00  0.215223E+00
  40.531370  0.630497E+00  0.214324E+00
  40.558580  0.626427E+00  0.213768E+00
  40.585800  0.621974E+00  0.213816E+00
  40.613010  0.616686E+00  0.214580E+00
  40.640220  0.610069E+00  0.216021E+00
  40.667430  0.601441E+00  0.218065E+00
  40.694640  0.589870E+00  0.220292E+00
  40.721850  0.574171E+00  0.221915E+00
  40.749060  0.552541E+00  0.221096E+00
  40.776280  0.523149E+00  0.213079E+00
