2.4830072734987274e-07 2.32998
2.4966120941846405e-07 2.327
2.5103668225096955e-07 2.32415
2.524273949884247e-07 2.3214
2.5383360232346445e-07 2.31873
2.5525609017255636e-07 2.31615
2.5669407970750553e-07 2.31369
2.5814836291022256e-07 2.31137
2.5961921829065376e-07 2.30912
2.6110693074259825e-07 2.3069
2.62611791727671e-07 2.30471
2.6413409946566464e-07 2.30258
2.656747284231737e-07 2.30052
2.672328590482776e-07 2.29855
2.6880937375878263e-07 2.29667
2.7040459985100627e-07 2.29486
2.720188724368945e-07 2.29313
2.736525346787132e-07 2.2915
2.753059380322474e-07 2.28997
2.769800612717387e-07 2.28856
2.7867404325157354e-07 2.2873
2.803888731795167e-07 2.28616
2.821249383041264e-07 2.28511
2.8388263552451806e-07 2.28414
2.8566237169287407e-07 2.28324
2.87464563928404e-07 2.28238
2.8929031494050006e-07 2.28154
2.9113872203148604e-07 2.28075
2.9301090163914903e-07 2.28001
2.9490731534214825e-07 2.2793
2.9682843674663237e-07 2.27864
2.987747518805626e-07 2.27804
3.007467596036526e-07 2.27749
3.02745711281648e-07 2.27701
3.0477066415988935e-07 2.27662
3.0682288774721555e-07 2.27633
3.0890293667378716e-07 2.27614
3.110113807124714e-07 2.27605
3.1314880529918366e-07 2.2761
3.153158120748327e-07 2.27634
3.175130194499252e-07 2.27675
3.197418877736462e-07 2.27727
3.2200143331978824e-07 2.27783
3.242931415748185e-07 2.27841
3.266177041743645e-07 2.27899
3.289758327280568e-07 2.27959
3.3136825954581794e-07 2.28022
3.337957383960752e-07 2.28087
3.3625995727551597e-07 2.28155
3.3875990493502497e-07 2.28227
3.4129730308662545e-07 2.28302
3.438729996224794e-07 2.28381
3.464878682248123e-07 2.28465
3.4914280935398596e-07 2.28554
3.518387512823495e-07 2.28653
3.545776652201947e-07 2.28764
3.573585262415789e-07 2.28895
3.6018335120992316e-07 2.29048
3.6305319100237656e-07 2.29223
3.6596913025746525e-07 2.29411
3.68932288741879e-07 2.29603
3.7194382278419806e-07 2.29794
3.750060610338354e-07 2.29987
3.7811798792573454e-07 2.30183
3.812819946333204e-07 2.30378
3.8449939956547303e-07 2.30569
3.877715660107608e-07 2.30758
3.9109990406350717e-07 2.30946
3.9448587264990703e-07 2.31138
3.9793225884033954e-07 2.3134
4.0143809397758967e-07 2.31561
4.050062519171216e-07 2.31804
4.0863840941996924e-07 2.32068
4.123363039412696e-07 2.32351
4.161017364015391e-07 2.32653
4.199365741111914e-07 2.32975
4.238442027843533e-07 2.33313
4.27823761432447e-07 2.33657
4.31878758140186e-07 2.34002
4.360113584830605e-07 2.34341
4.402238117259908e-07 2.34666
4.44518454905526e-07 2.34978
4.488977171533425e-07 2.35293
4.533641242778484e-07 2.35624
4.5792199490637067e-07 2.35983
4.625707150149407e-07 2.36373
4.6731478863252786e-07 2.36792
4.721571799645249e-07 2.37236
4.771009773650747e-07 2.37702
4.82149399905442e-07 2.38183
4.873058043638631e-07 2.38673
4.925756496171495e-07 2.3917
4.979587197847435e-07 2.39672
5.034607467905637e-07 2.4017
5.090857178100065e-07 2.40659
5.148378002204318e-07 2.41138
5.207213518978774e-07 2.41626
5.267409322279583e-07 2.42152
5.32903604391377e-07 2.42728
5.392098405072915e-07 2.43355
5.456671165498959e-07 2.44029
5.52280924598807e-07 2.44747
5.590570262695847e-07 2.45505
5.660014694542145e-07 2.46292
5.731206063249584e-07 2.47077
5.804238299270378e-07 2.47824
5.879127967778375e-07 2.48528
5.955975437359648e-07 2.49211
6.034858497458436e-07 2.49903
6.115859113917109e-07 2.50641
6.199063713069968e-07 2.51461
6.284563489347009e-07 2.52384
6.37248749168048e-07 2.53412
6.462872909032766e-07 2.5454
6.55585921493264e-07 2.55764
6.651560311102296e-07 2.57082
6.750096848646515e-07 2.58485
6.851596735498386e-07 2.59944
6.956195690346149e-07 2.61397
7.064078096031894e-07 2.62751
7.175317947988599e-07 2.63904
7.290117297298457e-07 2.64769
7.408649769159522e-07 2.65298
7.531100467529086e-07 2.6546
7.657666939674667e-07 2.65232
7.788560239647999e-07 2.64593
7.924006102724208e-07 2.63537
8.064298696982295e-07 2.62088
8.209594160285824e-07 2.60319
8.360221297547207e-07 2.58374
8.516479065735541e-07 2.56449
8.678689198297955e-07 2.54688
8.84719841634981e-07 2.53127
9.022380902566228e-07 2.51743
9.204709411332526e-07 2.50505
9.39448788686377e-07 2.49389
9.592256633209385e-07 2.48374
9.798531125230935e-07 2.47445
1.0013872151882255e-06 2.46589
1.0238890907407207e-06 2.45797
1.0474254784733006e-06 2.45061
1.0720786687784017e-06 2.44374
1.0979106315308525e-06 2.43732
1.1250181831015061e-06 2.43129
1.153498198696419e-06 2.42563
1.1834576179497214e-06 2.4203
1.215014786775032e-06 2.41527
1.2483010197829746e-06 2.41052
1.2834757131147473e-06 2.40603
1.3206761244461976e-06 2.40178
1.3600973462217755e-06 2.39776
1.4019443658975836e-06 2.39394
1.4464481997163259e-06 2.39032
1.4938701594901452e-06 2.38689
1.5445069871550513e-06 2.38364
1.5987176847390731e-06 2.38055
1.65685015417253e-06 2.37762
1.7193697668407238e-06 2.37484
1.7867926312078945e-06 2.37221
1.8597191139209903e-06 2.36972
1.9388517661013745e-06 2.36736
2.0250180297077157e-06 2.36513
2.119235503331133e-06 2.36302
2.2226082119442227e-06 2.36104
2.3365827501203233e-06 2.35916
2.462878248085747e-06 2.3574
2.6036067594893864e-06 2.35575
2.7613923224767722e-06 2.35421
2.939536106190066e-06 2.35276
3.1422498894210052e-06 2.35142
3.3750851745442927e-06 2.35018
3.6450800813454633e-06 2.34903
3.962028373338594e-06 2.34798
4.3393445991489785e-06 2.34702
4.796091210664368e-06 2.34616
5.3603006436180105e-06 2.34538
6.074954867307786e-06 2.34469
7.009880357713835e-06 2.34409
8.284361478476855e-06 2.34358
1.0125255523632878e-05 2.34316
1.3018033797446932e-05 2.34282
1.8224864601923358e-05 2.34256
3.0373286106537135e-05 2.34239
9.109754143048096e-05 2.34231
