2.4830072734987274e-07 0.4342
2.4966120941846405e-07 0.432734
2.5103668225096955e-07 0.431457
2.524273949884247e-07 0.430373
2.5383360232346445e-07 0.429415
2.5525609017255636e-07 0.428509
2.5669407970750553e-07 0.427603
2.5814836291022256e-07 0.426675
2.5961921829065376e-07 0.425725
2.6110693074259825e-07 0.424759
2.62611791727671e-07 0.42381
2.6413409946566464e-07 0.422947
2.656747284231737e-07 0.422232
2.672328590482776e-07 0.421666
2.6880937375878263e-07 0.421173
2.7040459985100627e-07 0.420684
2.720188724368945e-07 0.420163
2.736525346787132e-07 0.419601
2.753059380322474e-07 0.419028
2.769800612717387e-07 0.418503
2.7867404325157354e-07 0.418061
2.803888731795167e-07 0.417709
2.821249383041264e-07 0.417438
2.8388263552451806e-07 0.417206
2.8566237169287407e-07 0.416957
2.87464563928404e-07 0.416673
2.8929031494050006e-07 0.416359
2.9113872203148604e-07 0.416029
2.9301090163914903e-07 0.415712
2.9490731534214825e-07 0.415464
2.9682843674663237e-07 0.415336
2.987747518805626e-07 0.415314
3.007467596036526e-07 0.415317
3.02745711281648e-07 0.415273
3.0477066415988935e-07 0.41515
3.0682288774721555e-07 0.41495
3.0890293667378716e-07 0.414729
3.110113807124714e-07 0.414583
3.1314880529918366e-07 0.414593
3.153158120748327e-07 0.414751
3.175130194499252e-07 0.414975
3.197418877736462e-07 0.415153
3.2200143331978824e-07 0.415221
3.242931415748185e-07 0.415193
3.266177041743645e-07 0.415109
3.289758327280568e-07 0.415006
3.3136825954581794e-07 0.414952
3.337957383960752e-07 0.41508
3.3625995727551597e-07 0.415441
3.3875990493502497e-07 0.415923
3.4129730308662545e-07 0.416383
3.438729996224794e-07 0.416745
3.464878682248123e-07 0.416982
3.4914280935398596e-07 0.417111
3.518387512823495e-07 0.417149
3.545776652201947e-07 0.417096
3.573585262415789e-07 0.416981
3.6018335120992316e-07 0.416879
3.6305319100237656e-07 0.416834
3.6596913025746525e-07 0.416836
3.68932288741879e-07 0.416856
3.7194382278419806e-07 0.416883
3.750060610338354e-07 0.416966
3.7811798792573454e-07 0.417196
3.812819946333204e-07 0.417552
3.8449939956547303e-07 0.417905
3.877715660107608e-07 0.418168
3.9109990406350717e-07 0.418318
3.9448587264990703e-07 0.418355
3.9793225884033954e-07 0.418188
4.0143809397758967e-07 0.417835
4.050062519171216e-07 0.417465
4.0863840941996924e-07 0.417153
4.123363039412696e-07 0.416849
4.161017364015391e-07 0.416501
4.199365741111914e-07 0.416096
4.238442027843533e-07 0.415684
4.27823761432447e-07 0.415408
4.31878758140186e-07 0.415461
4.360113584830605e-07 0.415803
4.402238117259908e-07 0.41611
4.44518454905526e-07 0.41608
4.488977171533425e-07 0.415487
4.533641242778484e-07 0.414298
4.5792199490637067e-07 0.412869
4.625707150149407e-07 0.411587
4.6731478863252786e-07 0.410673
4.721571799645249e-07 0.410159
4.771009773650747e-07 0.409782
4.82149399905442e-07 0.409256
4.873058043638631e-07 0.408454
4.925756496171495e-07 0.407439
4.979587197847435e-07 0.406433
5.034607467905637e-07 0.405584
5.090857178100065e-07 0.404566
5.148378002204318e-07 0.402953
5.207213518978774e-07 0.400663
5.267409322279583e-07 0.398092
5.32903604391377e-07 0.395635
5.392098405072915e-07 0.393475
5.456671165498959e-07 0.391618
5.52280924598807e-07 0.389861
5.590570262695847e-07 0.387892
5.660014694542145e-07 0.385636
5.731206063249584e-07 0.383198
5.804238299270378e-07 0.380449
5.879127967778375e-07 0.377276
5.955975437359648e-07 0.373286
6.034858497458436e-07 0.367937
6.115859113917109e-07 0.361619
6.199063713069968e-07 0.355078
6.284563489347009e-07 0.348788
6.37248749168048e-07 0.342908
6.462872909032766e-07 0.337338
6.55585921493264e-07 0.331553
6.651560311102296e-07 0.324367
6.750096848646515e-07 0.314455
6.851596735498386e-07 0.300935
6.956195690346149e-07 0.284126
7.064078096031894e-07 0.265057
7.175317947988599e-07 0.243543
7.290117297298457e-07 0.219226
7.408649769159522e-07 0.192446
7.531100467529086e-07 0.162019
7.657666939674667e-07 0.126341
7.788560239647999e-07 0.0910294
7.924006102724208e-07 0.0661553
8.064298696982295e-07 0.0510245
8.209594160285824e-07 0.0415032
8.360221297547207e-07 0.0350738
8.516479065735541e-07 0.0304587
8.678689198297955e-07 0.0269844
8.84719841634981e-07 0.024271
9.022380902566228e-07 0.0220899
9.204709411332526e-07 0.0202953
9.39448788686377e-07 0.018792
9.592256633209385e-07 0.0175124
9.798531125230935e-07 0.0164091
1.0013872151882255e-06 0.015447
1.0238890907407207e-06 0.0146001
1.0474254784733006e-06 0.0138483
1.0720786687784017e-06 0.0131758
1.0979106315308525e-06 0.0125707
1.1250181831015061e-06 0.012023
1.153498198696419e-06 0.0115246
1.1834576179497214e-06 0.0110689
1.215014786775032e-06 0.0106505
1.2483010197829746e-06 0.0102649
1.2834757131147473e-06 0.00990808
1.3206761244461976e-06 0.00957707
1.3600973462217755e-06 0.00926897
1.4019443658975836e-06 0.00898138
1.4464481997163259e-06 0.00871225
1.4938701594901452e-06 0.00845979
1.5445069871550513e-06 0.00822243
1.5987176847390731e-06 0.00799873
1.65685015417253e-06 0.00778763
1.7193697668407238e-06 0.00758799
1.7867926312078945e-06 0.00739885
1.8597191139209903e-06 0.00721937
1.9388517661013745e-06 0.00704879
2.0250180297077157e-06 0.00688643
2.119235503331133e-06 0.00673162
2.2226082119442227e-06 0.00658393
2.3365827501203233e-06 0.0064428
2.462878248085747e-06 0.00630779
2.6036067594893864e-06 0.00617846
2.7613923224767722e-06 0.00605446
2.939536106190066e-06 0.00593544
3.1422498894210052e-06 0.00582109
3.3750851745442927e-06 0.00571108
3.6450800813454633e-06 0.00560522
3.962028373338594e-06 0.00550324
4.3393445991489785e-06 0.0054049
4.796091210664368e-06 0.00531001
5.3603006436180105e-06 0.00521837
6.074954867307786e-06 0.0051298
7.009880357713835e-06 0.00504411
8.284361478476855e-06 0.0049612
1.0125255523632878e-05 0.00488091
1.3018033797446932e-05 0.0048031
1.8224864601923358e-05 0.00472764
3.0373286106537135e-05 0.00465443
9.109754143048096e-05 0.00458334
