2.4830072734987274e-07 2.43238
2.4966120941846405e-07 2.42917
2.5103668225096955e-07 2.42603
2.524273949884247e-07 2.42303
2.5383360232346445e-07 2.42023
2.5525609017255636e-07 2.41763
2.5669407970750553e-07 2.4152
2.5814836291022256e-07 2.41289
2.5961921829065376e-07 2.41065
2.6110693074259825e-07 2.40845
2.62611791727671e-07 2.40625
2.6413409946566464e-07 2.40404
2.656747284231737e-07 2.40185
2.672328590482776e-07 2.3998
2.6880937375878263e-07 2.39792
2.7040459985100627e-07 2.39621
2.720188724368945e-07 2.3946
2.736525346787132e-07 2.39307
2.753059380322474e-07 2.39154
2.769800612717387e-07 2.39002
2.7867404325157354e-07 2.38853
2.803888731795167e-07 2.38712
2.821249383041264e-07 2.38582
2.8388263552451806e-07 2.38466
2.8566237169287407e-07 2.38363
2.87464563928404e-07 2.38269
2.8929031494050006e-07 2.38179
2.9113872203148604e-07 2.38092
2.9301090163914903e-07 2.38005
2.9490731534214825e-07 2.37917
2.9682843674663237e-07 2.37834
2.987747518805626e-07 2.37765
3.007467596036526e-07 2.37713
3.02745711281648e-07 2.37675
3.0477066415988935e-07 2.37646
3.0682288774721555e-07 2.37618
3.0890293667378716e-07 2.37585
3.110113807124714e-07 2.37547
3.1314880529918366e-07 2.3751
3.153158120748327e-07 2.37487
3.175130194499252e-07 2.37485
3.197418877736462e-07 2.37503
3.2200143331978824e-07 2.37533
3.242931415748185e-07 2.37565
3.266177041743645e-07 2.37597
3.289758327280568e-07 2.37625
3.3136825954581794e-07 2.37646
3.337957383960752e-07 2.37663
3.3625995727551597e-07 2.37692
3.3875990493502497e-07 2.37749
3.4129730308662545e-07 2.37832
3.438729996224794e-07 2.37935
3.464878682248123e-07 2.38051
3.4914280935398596e-07 2.38175
3.518387512823495e-07 2.38303
3.545776652201947e-07 2.38434
3.573585262415789e-07 2.38562
3.6018335120992316e-07 2.38686
3.6305319100237656e-07 2.38813
3.6596913025746525e-07 2.38945
3.68932288741879e-07 2.39084
3.7194382278419806e-07 2.39228
3.750060610338354e-07 2.39373
3.7811798792573454e-07 2.39525
3.812819946333204e-07 2.39699
3.8449939956547303e-07 2.39899
3.877715660107608e-07 2.40121
3.9109990406350717e-07 2.40358
3.9448587264990703e-07 2.4061
3.9793225884033954e-07 2.40874
4.0143809397758967e-07 2.41133
4.050062519171216e-07 2.41382
4.0863840941996924e-07 2.41633
4.123363039412696e-07 2.41894
4.161017364015391e-07 2.42162
4.199365741111914e-07 2.42432
4.238442027843533e-07 2.42697
4.27823761432447e-07 2.42955
4.31878758140186e-07 2.43222
4.360113584830605e-07 2.43531
4.402238117259908e-07 2.43899
4.44518454905526e-07 2.44317
4.488977171533425e-07 2.44762
4.533641242778484e-07 2.45193
4.5792199490637067e-07 2.4558
4.625707150149407e-07 2.4593
4.6731478863252786e-07 2.46268
4.721571799645249e-07 2.46629
4.771009773650747e-07 2.47038
4.82149399905442e-07 2.47491
4.873058043638631e-07 2.47968
4.925756496171495e-07 2.48452
4.979587197847435e-07 2.48936
5.034607467905637e-07 2.49453
5.090857178100065e-07 2.50028
5.148378002204318e-07 2.50645
5.207213518978774e-07 2.51253
5.267409322279583e-07 2.5182
5.32903604391377e-07 2.52359
5.392098405072915e-07 2.52896
5.456671165498959e-07 2.53462
5.52280924598807e-07 2.54085
5.590570262695847e-07 2.54763
5.660014694542145e-07 2.55478
5.731206063249584e-07 2.56235
5.804238299270378e-07 2.57048
5.879127967778375e-07 2.5792
5.955975437359648e-07 2.58868
6.034858497458436e-07 2.59834
6.115859113917109e-07 2.60739
6.199063713069968e-07 2.61578
6.284563489347009e-07 2.62392
6.37248749168048e-07 2.63238
6.462872909032766e-07 2.64181
6.55585921493264e-07 2.65296
6.651560311102296e-07 2.66622
6.750096848646515e-07 2.68109
6.851596735498386e-07 2.69632
6.956195690346149e-07 2.71029
7.064078096031894e-07 2.72277
7.175317947988599e-07 2.734
7.290117297298457e-07 2.74323
7.408649769159522e-07 2.75006
7.531100467529086e-07 2.75424
7.657666939674667e-07 2.75185
7.788560239647999e-07 2.73646
7.924006102724208e-07 2.7126
8.064298696982295e-07 2.689
8.209594160285824e-07 2.66829
8.360221297547207e-07 2.6504
8.516479065735541e-07 2.63482
8.678689198297955e-07 2.6211
8.84719841634981e-07 2.60887
9.022380902566228e-07 2.59787
9.204709411332526e-07 2.58788
9.39448788686377e-07 2.57875
9.592256633209385e-07 2.57036
9.798531125230935e-07 2.56261
1.0013872151882255e-06 2.55542
1.0238890907407207e-06 2.54872
1.0474254784733006e-06 2.54246
1.0720786687784017e-06 2.53659
1.0979106315308525e-06 2.53108
1.1250181831015061e-06 2.5259
1.153498198696419e-06 2.52101
1.1834576179497214e-06 2.5164
1.215014786775032e-06 2.51204
1.2483010197829746e-06 2.50791
1.2834757131147473e-06 2.504
1.3206761244461976e-06 2.50029
1.3600973462217755e-06 2.49678
1.4019443658975836e-06 2.49344
1.4464481997163259e-06 2.49027
1.4938701594901452e-06 2.48726
1.5445069871550513e-06 2.48441
1.5987176847390731e-06 2.48169
1.65685015417253e-06 2.47912
1.7193697668407238e-06 2.47668
1.7867926312078945e-06 2.47436
1.8597191139209903e-06 2.47216
1.9388517661013745e-06 2.47008
2.0250180297077157e-06 2.46812
2.119235503331133e-06 2.46625
2.2226082119442227e-06 2.4645
2.3365827501203233e-06 2.46284
2.462878248085747e-06 2.46129
2.6036067594893864e-06 2.45983
2.7613923224767722e-06 2.45846
2.939536106190066e-06 2.45719
3.1422498894210052e-06 2.456
3.3750851745442927e-06 2.4549
3.6450800813454633e-06 2.45388
3.962028373338594e-06 2.45295
4.3393445991489785e-06 2.4521
4.796091210664368e-06 2.45133
5.3603006436180105e-06 2.45064
6.074954867307786e-06 2.45004
7.009880357713835e-06 2.4495
8.284361478476855e-06 2.44905
1.0125255523632878e-05 2.44867
1.3018033797446932e-05 2.44837
1.8224864601923358e-05 2.44815
3.0373286106537135e-05 2.44799
9.109754143048096e-05 2.44792
